Begin sensor reading at 2020-08-20 15:39:01.196677
22.19 47.75
22.19 47.88
22.25 47.88
22.25 47.88
22.25 47.88
22.25 47.81
22.25 47.75
22.19 47.81
22.19 47.75
22.19 47.75
22.19 47.69
22.12 47.62
22.12 47.62
22.06 47.56
22.06 47.56
22.12 47.50
22.12 47.50
22.12 47.44
22.12 47.44
22.12 47.44
22.06 47.38
22.06 47.31
22.06 47.25
22.00 47.25
21.94 47.19
21.94 47.19
21.94 47.19
21.94 47.12
21.88 47.12
21.88 47.06
21.88 47.06
21.88 47.06
21.88 47.00
21.88 46.94
21.88 46.94
21.94 46.88
21.94 46.88
21.88 46.88
21.94 46.81
21.94 46.81
21.94 46.81
21.94 46.69
21.94 46.69
21.94 46.69
21.94 46.62
21.94 46.62
21.94 46.62
22.00 46.62
22.00 46.56
22.06 46.50
22.06 46.50
22.12 46.44
22.12 46.44
22.19 46.38
22.19 46.38
22.19 46.31
22.19 46.31
22.19 46.31
22.19 46.31
22.19 46.25
22.25 46.19
22.25 46.19
22.25 46.12
22.31 46.12
22.31 46.12
22.25 46.06
22.31 46.06
22.25 46.06
22.25 46.00
22.25 45.94
22.25 45.94
22.31 45.94
22.31 45.88
22.31 45.81
22.38 45.81
22.38 45.81
22.38 45.81
22.38 45.81
22.38 45.75
22.44 45.69
22.44 45.69
22.44 45.62
22.44 45.62
22.38 45.56
22.44 45.56
22.38 45.56
22.31 45.56
22.31 45.50
22.25 45.50
22.25 45.50
22.25 45.44
22.19 45.38
22.25 45.38
22.19 45.38
22.19 45.31
22.12 45.31
22.19 45.25
22.19 45.25
22.19 45.25
22.19 45.19
22.19 45.19
22.19 45.19
22.19 45.12
22.25 45.06
22.31 45.06
22.25 45.06
22.25 45.06
22.25 45.00
22.31 45.00
22.25 44.94
22.25 44.94
22.25 44.88
22.25 44.88
22.19 44.88
22.19 44.81
22.19 44.81
22.19 44.81
22.12 44.75
22.12 44.69
22.12 44.75
22.12 44.69
22.12 44.62
22.12 44.62
22.06 44.62
22.06 44.56
22.00 44.50
22.00 44.50
21.94 44.50
21.94 44.50
21.94 44.50
21.88 44.44
21.88 44.38
21.88 44.38
21.81 44.38
21.75 44.31
21.75 44.31
21.75 44.31
21.75 44.25
21.69 44.25
21.69 44.19
21.75 44.19
21.69 44.19
21.69 44.12
21.75 44.06
21.75 44.06
21.75 44.06
21.75 44.00
21.69 44.00
21.69 43.94
21.69 43.94
21.69 43.94
21.62 43.88
21.62 43.88
21.56 43.88
21.56 43.81
21.56 43.81
21.56 43.75
21.56 43.75
21.56 43.69
21.50 43.69
21.50 43.69
21.44 43.69
21.44 43.62
21.44 43.56
21.44 43.56
21.44 43.56
21.38 43.50
21.38 43.50
21.38 43.50
21.38 43.44
21.38 43.44
21.38 43.38
21.38 43.38
21.38 43.38
21.31 43.31
21.31 43.31
21.31 43.25
21.25 43.25
21.19 43.19
21.25 43.19
21.19 43.19
21.19 43.12
21.12 43.06
21.12 43.12
21.12 43.00
21.06 43.00
21.06 43.00
21.06 42.94
21.00 42.94
21.06 42.88
21.06 42.88
21.06 42.88
21.00 42.88
21.00 42.81
20.94 42.81
21.00 42.75
21.00 42.75
20.94 42.69
21.00 42.69
21.00 42.62
21.00 42.62
21.00 42.62
21.00 42.62
21.00 42.56
21.00 42.50
20.94 42.50
20.94 42.50
20.94 42.50
20.94 42.44
20.88 42.44
20.81 42.38
20.88 42.38
20.81 42.31
20.81 42.31
20.88 42.31
20.88 42.31
20.88 42.25
20.88 42.25
20.88 42.19
20.88 42.19
20.88 42.12
20.88 42.12
20.94 42.06
20.94 42.06
20.94 42.06
20.88 42.00
20.88 42.00
20.88 42.00
20.88 41.94
20.88 41.94
20.88 41.88
20.88 41.88
20.88 41.81
20.88 41.88
20.88 41.81
20.88 41.75
20.88 41.75
20.81 41.75
20.81 41.75
20.81 41.69
20.81 41.62
20.81 41.62
20.75 41.56
20.81 41.56
20.81 41.56
20.88 41.56
20.81 41.56
20.81 41.50
20.81 41.44
20.88 41.44
20.88 41.44
20.88 41.38
20.94 41.38
20.88 41.38
20.88 41.31
20.88 41.25
20.88 41.25
20.88 41.25
20.94 41.25
20.94 41.19
20.94 41.19
20.94 41.12
20.94 41.12
21.00 41.12
20.94 41.12
21.00 41.12
21.06 41.00
21.00 41.00
21.00 41.00
21.00 41.00
21.00 40.94
21.00 40.94
21.06 40.94
21.12 40.88
21.06 40.88
21.12 40.88
21.06 40.81
21.06 40.81
21.06 40.75
21.12 40.75
21.12 40.75
21.12 40.69
21.12 40.69
21.19 40.69
21.19 40.69
21.19 40.62
21.25 40.62
21.25 40.56
21.25 40.56
21.31 40.50
21.31 40.50
21.25 40.44
21.19 40.50
21.19 40.44
21.19 40.44
21.19 40.38
21.25 40.38
21.25 40.31
21.31 40.31
21.31 40.31
21.25 40.31
21.31 40.25
21.31 40.25
21.31 40.25
21.31 40.19
21.31 40.19
21.38 40.12
21.38 40.12
21.38 40.12
21.38 40.06
21.38 40.06
21.31 40.06
21.31 40.06
21.31 40.00
21.31 39.94
21.31 39.94
21.31 39.94
21.38 39.88
21.38 39.88
21.38 39.88
21.31 39.88
21.38 39.81
21.38 39.81
21.38 39.81
21.38 39.69
21.31 39.75
21.31 39.69
21.31 39.69
21.25 39.69
21.31 39.69
21.31 39.62
21.31 39.62
21.38 39.56
21.31 39.56
21.31 39.50
21.31 39.50
21.25 39.50
21.25 39.50
21.25 39.44
21.25 39.44
21.31 39.44
21.25 39.38
21.31 39.38
21.31 39.31
21.31 39.31
21.38 39.31
21.31 39.25
21.25 39.25
21.25 39.19
21.25 39.19
21.31 39.19
21.25 39.12
21.31 39.12
21.25 39.06
21.31 39.12
21.31 39.06
21.31 39.00
21.31 39.00
21.31 39.00
21.25 39.00
21.25 38.94
21.25 38.94
21.25 38.88
21.25 38.94
21.25 38.88
21.31 38.81
21.25 38.81
21.31 38.75
21.31 38.75
21.38 38.75
21.38 38.75
21.38 38.75
21.38 38.69
21.38 38.62
21.38 38.62
21.44 38.62
21.44 38.62
21.44 38.62
21.38 38.56
21.44 38.56
21.44 38.50
21.50 38.50
21.50 38.50
21.50 38.44
21.50 38.44
21.50 38.38
21.50 38.44
21.50 38.38
21.44 38.38
21.50 38.31
21.44 38.31
21.50 38.31
21.50 38.31
21.50 38.25
21.50 38.19
21.44 38.19
21.44 38.19
21.44 38.19
21.50 38.12
21.44 38.12
21.44 38.12
21.50 38.06
21.50 38.06
21.50 38.06
21.50 38.06
21.50 38.06
21.44 38.00
21.44 38.00
21.44 38.00
21.44 37.94
21.50 37.94
21.50 37.88
21.50 37.94
21.56 37.88
21.50 37.81
21.50 37.81
21.44 37.75
21.44 37.75
21.44 37.75
21.44 37.69
21.44 37.69
21.44 37.69
21.44 37.69
21.44 37.69
21.44 37.62
21.44 37.62
21.38 37.56
21.38 37.56
21.31 37.56
21.38 37.50
21.38 37.50
21.38 37.50
21.38 37.44
21.38 37.44
21.38 37.44
21.38 37.44
21.38 37.38
21.38 37.38
21.38 37.38
21.38 37.31
21.38 37.25
21.38 37.25
21.38 37.25
21.31 37.25
21.38 37.25
21.38 37.19
21.38 37.19
21.44 37.19
21.44 37.19
21.44 37.12
21.44 37.06
21.44 37.06
21.44 37.06
21.44 37.06
21.44 37.06
21.50 37.00
21.50 37.00
21.50 37.00
21.50 36.94
21.50 36.94
21.50 36.88
21.50 36.88
21.50 36.88
21.50 36.88
21.50 36.81
21.50 36.81
21.44 36.81
21.44 36.75
21.44 36.75
21.44 36.75
21.50 36.75
21.44 36.69
21.44 36.69
21.44 36.69
21.50 36.69
21.50 36.62
21.56 36.62
21.56 36.56
21.50 36.56
21.50 36.56
21.50 36.50
21.50 36.50
21.44 36.50
21.50 36.50
21.50 36.50
21.44 36.44
21.44 36.44
21.38 36.38
21.44 36.38
21.31 36.38
21.38 36.38
21.38 36.31
21.38 36.31
21.38 36.31
21.44 36.25
21.44 36.25
21.44 36.25
21.44 36.25
21.38 36.25
21.44 36.19
21.38 36.19
21.38 36.19
21.44 36.12
21.38 36.12
21.38 36.12
21.31 36.12
21.31 36.06
21.31 36.06
21.25 36.06
21.25 36.06
21.25 36.00
21.25 36.00
21.19 35.94
21.19 36.00
21.19 35.94
21.25 35.88
21.19 35.94
21.12 35.88
21.19 35.88
21.19 35.81
21.19 35.81
21.19 35.81
21.19 35.75
21.19 35.81
21.19 35.75
21.19 35.69
21.19 35.75
21.12 35.69
21.12 35.75
21.12 35.69
21.12 35.69
21.12 35.62
21.12 35.62
21.12 35.62
21.06 35.62
21.06 35.56
21.00 35.56
21.00 35.56
20.94 35.50
20.88 35.50
20.88 35.50
20.88 35.50
20.88 35.44
20.81 35.44
20.81 35.44
20.81 35.38
20.81 35.38
20.75 35.38
20.75 35.38
20.75 35.31
20.75 35.31
20.75 35.31
20.69 35.31
20.69 35.25
20.62 35.25
20.56 35.19
20.56 35.19
20.56 35.19
20.56 35.19
20.56 35.19
20.62 35.12
20.56 35.12
20.56 35.12
20.56 35.06
20.62 35.06
20.56 35.00
20.56 35.00
20.56 35.00
20.56 34.94
20.56 34.94
20.56 34.94
20.50 34.94
20.44 34.88
20.44 34.94
20.31 34.88
20.31 34.88
20.31 34.88
20.31 34.81
20.31 34.81
20.31 34.81
20.31 34.75
20.31 34.75
20.31 34.75
20.38 34.69
20.31 34.69
20.31 34.69
20.38 34.69
20.38 34.69
20.44 34.62
20.38 34.62
20.44 34.56
20.38 34.56
20.38 34.50
20.31 34.50
20.31 34.50
20.25 34.56
20.25 34.50
20.25 34.50
20.25 34.44
20.25 34.44
20.25 34.44
20.19 34.38
20.25 34.38
20.25 34.38
20.31 34.31
20.25 34.31
20.25 34.31
20.25 34.31
20.25 34.25
20.25 34.31
20.31 34.25
20.25 34.25
20.31 34.25
20.31 34.25
20.38 34.25
20.31 34.19
20.25 34.19
20.31 34.19
20.31 34.12
20.31 34.12
20.31 34.12
20.38 34.12
20.31 34.12
20.38 34.06
20.38 34.06
20.38 34.06
20.44 34.00
20.44 34.00
20.44 34.00
20.50 34.00
20.50 34.00
20.44 34.00
20.44 33.94
20.44 33.94
20.38 33.94
20.38 33.88
20.38 33.88
20.38 33.88
20.38 33.88
20.38 33.81
20.31 33.88
20.31 33.81
20.38 33.81
20.38 33.81
20.44 33.75
20.38 33.75
20.38 33.69
20.38 33.69
20.38 33.69
20.44 33.69
20.44 33.62
20.44 33.62
20.44 33.62
20.44 33.62
20.50 33.56
20.50 33.56
20.56 33.56
20.56 33.56
20.56 33.50
20.56 33.50
20.56 33.50
20.50 33.50
20.50 33.44
20.50 33.50
20.50 33.44
20.56 33.44
20.56 33.38
20.56 33.38
20.56 33.38
20.50 33.38
20.56 33.31
20.50 33.31
20.50 33.38
20.56 33.31
20.50 33.31
20.56 33.25
20.56 33.25
20.56 33.25
20.62 33.25
20.62 33.19
20.62 33.19
20.62 33.19
20.69 33.19
20.69 33.12
20.75 33.12
20.75 33.12
20.69 33.12
20.75 33.06
20.81 33.12
20.75 33.06
20.75 33.06
20.81 33.06
20.81 33.00
20.81 33.00
20.81 33.00
20.81 33.00
20.81 33.00
20.81 32.94
20.75 32.94
20.75 32.88
20.75 32.88
20.75 32.88
20.81 32.88
20.75 32.88
20.75 32.81
20.81 32.81
20.81 32.81
20.81 32.81
20.88 32.75
20.88 32.75
20.88 32.81
20.88 32.75
20.88 32.75
20.88 32.75
20.88 32.69
20.88 32.69
20.94 32.69
20.88 32.69
20.88 32.69
20.88 32.69
20.88 32.62
20.94 32.62
20.94 32.62
20.94 32.56
20.94 32.56
20.94 32.56
20.94 32.56
20.94 32.50
20.88 32.50
20.88 32.50
20.94 32.50
20.88 32.50
20.88 32.50
20.88 32.44
20.88 32.44
20.88 32.38
20.94 32.44
20.88 32.38
20.94 32.44
20.94 32.38
21.00 32.31
21.00 32.38
21.00 32.31
20.94 32.31
21.00 32.31
21.00 32.31
21.06 32.25
21.00 32.25
21.06 32.25
21.00 32.25
21.06 32.25
21.06 32.25
21.12 32.19
21.12 32.19
21.12 32.12
21.06 32.12
21.06 32.12
21.06 32.12
21.06 32.12
21.06 32.12
21.00 32.06
21.00 32.06
21.06 32.06
21.00 32.00
21.06 32.00
21.06 32.06
21.06 32.00
21.12 32.00
21.12 31.94
21.12 31.94
21.06 31.94
21.06 31.94
21.06 31.94
21.00 31.88
21.06 31.88
21.06 31.88
21.06 31.88
21.06 31.88
21.06 31.88
21.06 31.88
21.06 31.81
21.00 31.81
21.00 31.81
21.00 31.75
21.00 31.75
20.94 31.75
21.00 31.75
21.06 31.75
21.06 31.75
21.12 31.69
21.12 31.69
21.12 31.69
21.06 31.69
21.06 31.62
21.12 31.62
21.12 31.62
21.06 31.62
21.12 31.62
21.12 31.56
21.06 31.56
21.06 31.56
21.12 31.56
21.12 31.56
21.12 31.56
21.12 31.50
21.12 31.50
21.12 31.44
21.12 31.44
21.12 31.44
21.12 31.50
21.12 31.44
21.12 31.38
21.12 31.38
21.12 31.38
21.12 31.38
21.12 31.38
21.12 31.38
21.12 31.31
21.12 31.31
21.19 31.31
21.12 31.31
21.12 31.25
21.12 31.25
21.12 31.25
21.12 31.25
21.19 31.25
21.12 31.19
21.12 31.19
21.12 31.12
21.12 31.19
21.12 31.12
21.12 31.12
21.06 31.19
21.06 31.12
21.12 31.12
21.12 31.12
21.12 31.12
21.12 31.06
21.12 31.06
21.06 31.06
21.12 31.06
21.06 31.06
21.06 31.00
21.06 31.00
21.06 31.00
21.06 31.00
21.06 31.00
21.06 31.00
21.06 30.94
21.00 30.94
21.06 30.94
21.00 30.94
21.00 30.94
21.00 30.88
21.00 30.88
21.00 30.88
21.00 30.88
20.94 30.81
20.88 30.88
20.88 30.81
20.88 30.81
20.81 30.81
20.81 30.75
20.75 30.75
20.75 30.75
20.81 30.75
20.75 30.75
20.75 30.75
20.75 30.69
20.69 30.69
20.75 30.69
20.75 30.62
20.75 30.62
20.69 30.62
20.75 30.62
20.69 30.62
20.69 30.62
20.69 30.56
20.69 30.56
20.69 30.62
20.69 30.56
20.69 30.56
20.62 30.50
20.56 30.50
20.56 30.50
20.56 30.50
20.56 30.50
20.56 30.50
20.50 30.50
20.44 30.44
20.44 30.50
20.44 30.44
20.44 30.44
20.44 30.44
20.38 30.38
20.38 30.38
20.38 30.38
20.31 30.38
20.25 30.31
20.25 30.31
20.25 30.31
20.19 30.31
20.19 30.31
20.19 30.31
20.12 30.31
20.19 30.25
20.12 30.25
20.12 30.25
20.12 30.25
20.12 30.19
20.12 30.19
20.12 30.25
20.12 30.19
20.06 30.19
20.12 30.19
20.12 30.12
20.06 30.12
20.06 30.12
20.06 30.12
20.06 30.12
20.06 30.12
20.06 30.06
20.06 30.06
20.12 30.06
20.06 30.06
20.06 30.00
20.00 30.00
20.00 30.00
20.00 30.00
20.06 30.00
20.00 29.94
20.00 30.00
20.06 29.94
20.06 29.94
20.06 29.94
20.06 29.88
20.06 29.88
20.00 29.88
20.00 29.88
20.00 29.81
20.00 29.81
20.00 29.81
20.00 29.81
20.00 29.81
20.00 29.81
19.94 29.81
19.94 29.81
20.00 29.75
20.00 29.75
20.00 29.75
20.00 29.75
20.00 29.69
20.00 29.69
20.06 29.69
20.06 29.69
20.06 29.69
20.06 29.62
20.06 29.62
20.06 29.62
20.12 29.62
20.12 29.56
20.12 29.56
20.12 29.56
20.19 29.56
20.19 29.62
20.19 29.56
20.19 29.56
20.19 29.56
20.19 29.50
20.12 29.50
20.12 29.50
20.06 29.50
20.12 29.50
20.12 29.44
20.06 29.50
20.06 29.50
20.06 29.44
20.06 29.44
20.12 29.44
20.06 29.38
20.12 29.38
20.12 29.44
20.19 29.38
20.19 29.38
20.12 29.38
20.19 29.38
20.19 29.31
20.19 29.31
20.19 29.31
20.19 29.31
20.19 29.31
20.19 29.31
20.19 29.31
20.19 29.25
20.19 29.25
20.19 29.25
20.12 29.25
20.12 29.25
20.19 29.25
20.19 29.19
20.12 29.19
20.19 29.19
20.19 29.19
20.19 29.19
20.19 29.12
20.25 29.12
20.25 29.12
20.19 29.12
20.25 29.12
20.25 29.06
20.25 29.12
20.25 29.12
20.25 29.12
20.25 29.06
20.25 29.06
20.19 29.06
20.19 29.00
20.25 29.06
20.25 29.00
20.25 29.00
20.25 29.00
20.25 29.00
20.25 29.00
20.31 28.94
20.31 28.94
20.31 28.94
20.31 28.94
20.25 28.94
20.25 28.94
20.25 28.94
20.25 28.94
20.25 28.88
20.25 28.88
20.25 28.88
20.31 28.88
20.31 28.81
20.31 28.88
20.38 28.81
20.38 28.81
20.38 28.81
20.31 28.81
20.31 28.81
20.31 28.75
20.31 28.75
20.31 28.75
20.38 28.75
20.38 28.75
20.38 28.75
20.31 28.69
20.38 28.69
20.38 28.69
20.38 28.69
20.38 28.62
20.31 28.69
20.38 28.62
20.38 28.69
20.38 28.62
20.38 28.62
20.38 28.62
20.38 28.62
20.38 28.62
20.38 28.62
20.38 28.56
20.44 28.56
20.44 28.56
20.38 28.56
20.44 28.56
20.38 28.56
20.44 28.50
20.44 28.56
20.38 28.50
20.50 28.50
20.44 28.50
20.44 28.44
20.44 28.44
20.44 28.44
20.44 28.44
20.44 28.44
20.50 28.44
20.44 28.44
20.44 28.38
20.50 28.38
20.50 28.38
20.50 28.44
20.50 28.38
20.50 28.38
20.50 28.38
20.50 28.38
20.50 28.38
20.50 28.31
20.44 28.31
20.50 28.31
20.44 28.31
20.50 28.31
20.50 28.25
20.50 28.25
20.50 28.31
20.56 28.25
20.56 28.31
20.56 28.25
20.56 28.25
20.56 28.25
20.56 28.25
20.56 28.25
20.56 28.19
20.56 28.19
20.56 28.19
20.56 28.19
20.56 28.19
20.62 28.19
20.62 28.19
20.62 28.12
20.62 28.12
20.56 28.12
20.56 28.12
20.56 28.12
20.56 28.06
20.56 28.06
20.62 28.06
20.62 28.06
20.62 28.06
20.62 28.06
20.62 28.06
20.69 28.06
20.62 28.06
20.69 28.00
20.62 28.06
20.69 28.00
20.69 28.00
20.69 28.00
20.62 27.94
20.62 28.00
20.62 27.94
20.69 27.94
20.62 27.94
20.62 27.94
20.62 27.94
20.62 27.88
20.62 27.88
20.69 27.88
20.69 27.94
20.62 27.88
20.69 27.88
20.62 27.81
20.62 27.88
20.62 27.81
20.62 27.81
20.62 27.81
20.62 27.81
20.62 27.81
20.69 27.75
20.69 27.81
20.69 27.75
20.69 27.75
20.69 27.81
20.62 27.75
20.69 27.75
20.69 27.75
20.69 27.75
20.69 27.75
20.69 27.75
20.75 27.69
20.69 27.69
20.62 27.69
20.69 27.69
20.62 27.69
20.69 27.62
20.62 27.62
20.62 27.62
20.62 27.62
20.69 27.62
20.69 27.62
20.69 27.62
20.69 27.62
20.69 27.56
20.75 27.56
20.69 27.62
20.69 27.56
20.69 27.56
20.75 27.56
20.69 27.56
20.69 27.50
20.69 27.50
20.75 27.50
20.75 27.50
20.75 27.50
20.75 27.50
20.75 27.50
20.75 27.44
20.75 27.50
20.81 27.44
20.75 27.50
20.75 27.44
20.81 27.44
20.75 27.44
20.81 27.44
20.81 27.44
20.81 27.44
20.75 27.44
20.75 27.44
20.75 27.38
20.75 27.38
20.75 27.38
20.75 27.38
20.75 27.38
20.69 27.38
20.69 27.31
20.69 27.38
20.69 27.31
20.62 27.31
20.62 27.31
20.62 27.31
20.62 27.31
20.56 27.25
20.62 27.25
20.62 27.25
20.56 27.25
20.56 27.25
20.50 27.25
20.50 27.25
20.56 27.25
20.56 27.19
20.56 27.25
20.56 27.25
20.56 27.19
20.50 27.19
20.50 27.19
20.56 27.12
20.50 27.19
20.50 27.12
20.50 27.12
20.50 27.19
20.50 27.12
20.50 27.12
20.50 27.12
20.44 27.12
20.44 27.12
20.38 27.12
20.44 27.12
20.38 27.12
20.38 27.12
20.38 27.06
20.31 27.06
20.31 27.06
20.31 27.06
20.25 27.06
20.31 27.06
20.25 27.00
20.31 27.06
20.25 27.00
20.25 27.00
20.25 27.00
20.25 27.00
20.25 27.00
20.19 27.00
20.19 26.94
20.19 27.00
20.19 26.94
20.19 26.94
20.19 26.88
20.12 26.94
20.12 26.94
20.12 26.88
20.12 26.88
20.12 26.94
20.06 26.88
20.06 26.88
20.12 26.88
20.06 26.88
20.06 26.88
20.06 26.81
20.06 26.81
20.06 26.81
20.00 26.81
20.00 26.81
19.94 26.81
19.94 26.81
19.94 26.75
19.94 26.81
19.94 26.75
19.94 26.75
19.94 26.75
19.88 26.75
19.88 26.69
19.94 26.75
19.94 26.69
19.88 26.69
19.88 26.69
19.88 26.69
19.81 26.69
19.81 26.69
19.81 26.69
19.81 26.69
19.75 26.62
19.75 26.62
19.75 26.62
19.75 26.62
19.75 26.62
19.69 26.62
19.75 26.56
19.69 26.56
19.75 26.62
19.69 26.56
19.75 26.62
19.69 26.56
19.69 26.56
19.75 26.50
19.75 26.56
19.69 26.50
19.75 26.50
19.75 26.50
19.69 26.50
19.69 26.50
19.69 26.50
19.69 26.44
19.75 26.44
19.69 26.50
19.75 26.44
19.69 26.50
19.69 26.44
19.69 26.44
19.69 26.44
19.69 26.44
19.69 26.38
19.69 26.38
19.75 26.38
19.75 26.38
19.75 26.38
19.75 26.38
19.81 26.31
19.75 26.38
19.75 26.31
19.75 26.31
19.75 26.38
19.75 26.31
19.75 26.31
19.81 26.31
19.75 26.31
19.75 26.31
19.81 26.25
19.81 26.25
19.75 26.31
19.81 26.25
19.81 26.25
19.75 26.25
19.81 26.25
19.81 26.25
19.81 26.19
19.81 26.19
19.81 26.25
19.81 26.19
19.88 26.19
19.88 26.19
19.88 26.19
19.88 26.19
19.81 26.19
19.81 26.19
19.88 26.19
19.94 26.12
19.88 26.12
19.88 26.12
19.88 26.12
19.88 26.12
19.94 26.12
19.88 26.12
19.88 26.06
19.88 26.06
19.94 26.12
19.88 26.06
19.88 26.06
19.94 26.06
19.94 26.06
19.94 26.06
19.94 26.06
19.94 26.06
19.94 26.06
19.94 26.00
20.00 26.06
20.00 26.00
20.00 26.00
20.00 26.00
20.00 26.00
20.06 25.94
20.06 26.00
20.00 25.94
20.06 26.00
20.06 25.94
20.06 25.94
20.06 25.94
20.12 25.94
20.06 25.94
20.12 25.94
20.12 25.94
20.06 25.88
20.19 25.94
20.12 25.88
20.12 25.88
20.19 25.88
20.19 25.88
20.19 25.88
20.19 25.81
20.19 25.88
20.19 25.88
20.25 25.88
20.31 25.81
20.25 25.81
20.25 25.81
20.25 25.81
20.25 25.81
20.31 25.81
20.31 25.81
20.38 25.81
20.31 25.81
20.31 25.75
20.31 25.75
20.38 25.75
20.38 25.69
20.38 25.75
20.38 25.75
20.38 25.75
20.38 25.75
20.38 25.69
20.38 25.75
20.38 25.69
20.38 25.75
20.38 25.69
20.38 25.69
20.44 25.69
20.44 25.69
20.38 25.69
20.44 25.69
20.44 25.69
20.44 25.62
20.44 25.69
20.44 25.62
20.44 25.62
20.44 25.62
20.44 25.69
20.50 25.62
20.50 25.62
20.50 25.62
20.50 25.62
20.56 25.62
20.50 25.62
20.50 25.62
20.50 25.62
20.44 25.62
20.44 25.56
20.50 25.56
20.50 25.56
20.50 25.56
20.50 25.56
20.50 25.56
20.50 25.56
20.50 25.50
20.50 25.50
20.50 25.50
20.50 25.50
20.50 25.50
20.50 25.50
20.50 25.50
20.50 25.50
20.50 25.50
20.50 25.50
20.50 25.50
20.50 25.50
20.50 25.50
20.50 25.44
20.50 25.44
20.50 25.44
20.50 25.44
20.56 25.38
20.56 25.44
20.50 25.44
20.50 25.38
20.50 25.38
20.56 25.38
20.50 25.38
20.50 25.38
20.56 25.38
20.56 25.44
20.56 25.38
20.56 25.38
20.56 25.38
20.56 25.38
20.56 25.31
20.50 25.38
20.50 25.31
20.50 25.31
20.56 25.31
20.56 25.31
20.56 25.31
20.56 25.31
20.56 25.31
20.56 25.31
20.56 25.25
20.56 25.31
20.56 25.25
20.56 25.25
20.56 25.25
20.56 25.25
20.56 25.25
20.62 25.25
20.56 25.25
20.56 25.25
20.56 25.25
20.56 25.25
20.56 25.25
20.62 25.25
20.62 25.19
20.62 25.19
20.62 25.25
20.62 25.25
20.62 25.19
20.62 25.19
20.62 25.19
20.56 25.19
20.62 25.19
20.56 25.19
20.56 25.19
20.56 25.19
20.56 25.12
20.56 25.12
20.56 25.12
20.56 25.12
20.56 25.12
20.50 25.12
20.50 25.12
20.56 25.06
20.56 25.12
20.56 25.06
20.50 25.06
20.50 25.12
20.50 25.06
20.50 25.12
20.50 25.06
20.50 25.06
20.44 25.06
20.44 25.06
20.44 25.06
20.44 25.00
20.44 25.06
20.44 25.06
20.44 25.00
20.44 25.00
20.38 25.00
20.38 25.00
20.38 25.00
20.38 25.00
20.38 25.00
20.38 25.00
20.38 25.00
20.38 25.00
20.31 25.00
20.31 25.00
20.31 24.94
20.31 24.94
20.31 24.94
20.25 24.94
20.25 24.94
20.19 24.94
20.25 24.94
20.19 24.94
20.19 24.94
20.19 24.88
20.19 24.88
20.12 24.88
20.12 24.88
20.12 24.88
20.06 24.88
20.06 24.88
20.06 24.88
20.06 24.88
20.06 24.88
20.06 24.88
20.00 24.88
20.00 24.81
20.00 24.81
20.00 24.88
20.00 24.88
20.00 24.81
19.94 24.88
19.88 24.81
19.94 24.81
19.94 24.81
19.94 24.81
19.94 24.81
19.88 24.75
19.88 24.75
19.88 24.81
19.88 24.81
19.88 24.81
19.81 24.75
19.81 24.75
19.81 24.75
19.75 24.75
19.75 24.75
19.75 24.69
19.75 24.75
19.69 24.69
19.69 24.69
19.69 24.69
19.69 24.69
19.62 24.62
19.62 24.69
19.62 24.69
19.62 24.62
19.62 24.62
19.62 24.62
19.62 24.62
19.62 24.62
19.56 24.62
19.56 24.62
19.56 24.62
19.50 24.62
19.50 24.62
19.50 24.56
19.50 24.56
19.50 24.56
19.50 24.56
19.50 24.56
19.50 24.56
19.50 24.56
19.50 24.56
19.44 24.56
19.50 24.56
19.50 24.56
19.44 24.56
19.44 24.56
19.44 24.50
19.44 24.50
19.44 24.50
19.44 24.50
19.38 24.50
19.44 24.50
19.44 24.50
19.44 24.44
19.44 24.44
19.44 24.44
19.44 24.44
19.38 24.44
19.44 24.44
19.44 24.44
19.44 24.44
19.44 24.44
19.44 24.44
19.44 24.44
19.50 24.44
19.44 24.44
19.44 24.44
19.50 24.38
19.50 24.38
19.50 24.38
19.50 24.38
19.50 24.38
19.50 24.38
19.56 24.38
19.50 24.31
19.50 24.38
19.50 24.31
19.50 24.38
19.50 24.38
19.56 24.31
19.56 24.31
19.56 24.31
19.56 24.31
19.56 24.31
19.56 24.31
19.50 24.25
19.50 24.25
19.56 24.31
19.56 24.31
19.62 24.25
19.56 24.25
19.56 24.25
19.62 24.25
19.62 24.25
19.62 24.25
19.56 24.25
19.62 24.25
19.69 24.25
19.62 24.19
19.62 24.25
19.62 24.19
19.62 24.19
19.62 24.19
19.69 24.19
19.62 24.19
19.69 24.19
19.69 24.19
19.69 24.19
19.69 24.19
19.69 24.19
19.69 24.19
19.75 24.19
19.75 24.19
19.75 24.19
19.75 24.12
19.75 24.12
19.75 24.12
19.75 24.12
19.75 24.12
19.81 24.12
19.75 24.12
19.81 24.12
19.81 24.12
19.81 24.12
19.81 24.12
19.81 24.12
19.81 24.12
19.81 24.12
19.81 24.12
19.81 24.12
19.81 24.12
19.88 24.06
19.81 24.06
19.81 24.06
19.81 24.06
19.81 24.06
19.81 24.06
19.88 24.06
19.81 24.06
19.88 24.06
19.88 24.06
19.88 24.06
19.88 24.06
19.88 24.06
19.88 24.00
19.88 24.00
19.88 24.00
19.88 24.00
19.88 24.06
19.94 24.00
19.94 24.00
19.94 24.00
19.94 24.00
19.94 24.00
19.94 24.00
19.94 24.00
19.94 24.00
20.00 23.94
20.00 23.94
20.00 23.94
20.00 23.94
19.94 23.94
20.00 23.94
20.00 23.94
20.00 23.94
20.00 23.94
20.00 23.94
20.00 23.94
20.00 23.94
20.00 23.88
20.06 23.88
20.06 23.88
20.06 23.88
20.00 23.88
20.06 23.88
20.06 23.94
20.06 23.88
20.12 23.88
20.06 23.88
20.06 23.81
20.12 23.88
20.12 23.88
20.12 23.88
20.12 23.88
20.12 23.88
20.12 23.81
20.12 23.81
20.12 23.81
20.12 23.88
20.12 23.81
20.19 23.81
20.19 23.81
20.19 23.81
20.19 23.81
20.25 23.81
20.19 23.81
20.19 23.81
20.19 23.81
20.19 23.81
20.25 23.81
20.19 23.81
20.25 23.75
20.19 23.81
20.25 23.75
20.25 23.75
20.25 23.75
20.25 23.75
20.25 23.75
20.25 23.75
20.25 23.75
20.25 23.75
20.25 23.69
20.25 23.75
20.25 23.69
20.31 23.69
20.25 23.69
20.31 23.69
20.31 23.69
20.31 23.69
20.31 23.75
20.25 23.69
20.31 23.75
20.31 23.69
20.25 23.69
20.31 23.69
20.31 23.69
20.31 23.69
20.31 23.69
20.31 23.69
20.31 23.62
20.31 23.62
20.31 23.62
20.31 23.62
20.31 23.62
20.38 23.62
20.38 23.62
20.31 23.62
20.38 23.62
20.38 23.62
20.38 23.56
20.31 23.56
20.31 23.62
20.38 23.56
20.38 23.56
20.38 23.62
20.38 23.56
20.38 23.56
20.38 23.56
20.44 23.62
20.38 23.56
20.44 23.56
20.38 23.56
20.44 23.56
20.44 23.56
20.38 23.56
20.38 23.56
20.44 23.50
20.38 23.50
20.38 23.50
20.38 23.50
20.38 23.56
20.38 23.50
20.38 23.50
20.38 23.50
20.31 23.50
20.38 23.50
20.38 23.56
20.38 23.50
20.31 23.44
20.38 23.50
20.31 23.50
20.31 23.50
20.31 23.50
20.31 23.50
20.25 23.44
20.31 23.44
20.25 23.44
20.31 23.44
20.31 23.44
20.31 23.44
20.31 23.44
20.25 23.44
20.25 23.44
20.19 23.44
20.19 23.38
20.25 23.44
20.25 23.44
20.19 23.44
20.19 23.38
20.19 23.38
20.19 23.44
20.12 23.44
20.12 23.44
20.12 23.38
20.12 23.38
20.12 23.44
20.12 23.44
20.12 23.38
20.06 23.38
20.06 23.38
20.06 23.38
20.06 23.38
20.06 23.38
20.00 23.38
20.06 23.31
20.00 23.38
20.00 23.38
20.00 23.38
20.00 23.38
20.00 23.38
20.00 23.31
19.94 23.38
19.94 23.38
19.94 23.31
19.94 23.31
19.94 23.31
19.88 23.31
19.88 23.31
19.88 23.25
19.88 23.25
19.81 23.31
19.81 23.31
19.81 23.25
19.81 23.25
19.81 23.25
19.88 23.31
19.81 23.25
19.81 23.31
19.81 23.25
19.75 23.25
19.75 23.31
19.75 23.25
19.75 23.25
19.69 23.25
19.69 23.19
19.69 23.19
19.69 23.19
19.69 23.19
19.69 23.25
19.69 23.25
19.62 23.19
19.62 23.19
19.56 23.19
19.56 23.25
19.62 23.12
19.56 23.25
19.56 23.19
19.56 23.12
19.56 23.12
19.56 23.12
19.50 23.12
19.56 23.19
19.56 23.12
19.56 23.12
19.56 23.12
19.56 23.12
19.56 23.12
19.50 23.12
19.50 23.12
19.56 23.12
19.50 23.12
19.50 23.12
19.50 23.12
19.50 23.12
19.56 23.12
19.50 23.12
19.50 23.12
19.50 23.12
19.50 23.12
19.50 23.06
19.50 23.12
19.50 23.06
19.50 23.06
19.50 23.12
19.44 23.00
19.50 23.06
19.50 23.06
19.50 23.06
19.50 23.06
19.44 23.06
19.50 23.00
19.50 23.00
19.50 23.00
19.56 23.00
19.50 23.00
19.50 23.06
19.56 23.00
19.56 23.00
19.56 23.00
19.56 23.00
19.56 23.00
19.56 23.00
19.56 23.00
19.56 22.94
19.56 22.94
19.56 22.94
19.56 22.94
19.62 22.94
19.56 22.94
19.56 22.94
19.56 22.94
19.62 22.94
19.56 22.94
19.62 22.94
19.62 22.94
19.56 22.94
19.62 22.94
19.62 22.88
19.62 22.88
19.56 22.88
19.62 22.94
19.62 22.88
19.56 22.88
19.62 22.88
19.62 22.88
19.62 22.94
19.62 22.88
19.62 22.88
19.62 22.88
19.62 22.88
19.62 22.88
19.69 22.88
19.69 22.88
19.62 22.88
19.69 22.88
19.69 22.81
19.69 22.81
19.69 22.81
19.75 22.81
19.69 22.81
19.69 22.88
19.69 22.81
19.69 22.88
19.75 22.81
19.81 22.81
19.75 22.81
19.75 22.81
19.75 22.81
19.81 22.75
19.81 22.81
19.81 22.81
19.75 22.75
19.75 22.81
19.81 22.81
19.81 22.81
19.81 22.81
19.81 22.81
19.81 22.75
19.88 22.81
19.88 22.75
19.88 22.75
19.81 22.75
19.81 22.75
19.88 22.75
19.81 22.75
19.88 22.81
19.88 22.75
19.88 22.75
19.88 22.75
19.88 22.75
19.94 22.75
19.94 22.75
19.94 22.75
19.94 22.75
19.94 22.69
20.00 22.69
20.00 22.75
19.94 22.69
19.94 22.69
19.94 22.69
19.94 22.75
20.00 22.69
20.00 22.69
19.94 22.69
20.00 22.69
20.00 22.69
19.94 22.69
20.00 22.69
20.00 22.69
20.00 22.69
20.00 22.69
19.94 22.69
20.00 22.69
20.00 22.69
20.06 22.69
20.00 22.69
20.00 22.62
20.06 22.62
20.06 22.62
20.06 22.62
20.06 22.69
20.12 22.69
20.06 22.62
20.06 22.62
20.06 22.62
20.06 22.62
20.06 22.62
20.06 22.62
20.06 22.62
20.06 22.62
20.06 22.62
20.12 22.62
20.06 22.62
20.12 22.62
20.12 22.62
20.12 22.56
20.12 22.56
20.12 22.56
20.12 22.56
20.12 22.56
20.12 22.56
20.12 22.56
20.12 22.56
20.19 22.56
20.19 22.56
20.19 22.56
20.19 22.56
20.19 22.56
20.25 22.56
20.19 22.50
20.19 22.56
20.19 22.56
20.19 22.56
20.19 22.56
20.25 22.56
20.19 22.56
20.25 22.50
20.19 22.50
20.25 22.56
20.19 22.56
20.25 22.50
20.19 22.56
20.19 22.50
20.25 22.50
20.25 22.50
20.25 22.50
20.25 22.56
20.25 22.50
20.25 22.50
20.25 22.50
20.31 22.50
20.25 22.50
20.31 22.50
20.25 22.50
20.31 22.50
20.25 22.50
20.25 22.44
20.31 22.44
20.25 22.50
20.25 22.50
20.25 22.50
20.31 22.44
20.31 22.44
20.25 22.50
20.31 22.50
20.31 22.50
20.31 22.44
20.31 22.44
20.31 22.44
20.31 22.44
20.31 22.44
20.31 22.44
20.31 22.44
20.31 22.44
20.31 22.44
20.31 22.44
20.31 22.44
20.38 22.44
20.31 22.44
20.31 22.44
20.31 22.44
20.31 22.44
20.31 22.38
20.31 22.38
20.31 22.38
20.25 22.44
20.25 22.38
20.25 22.44
20.25 22.38
20.19 22.38
20.25 22.38
20.25 22.38
20.19 22.38
20.19 22.38
20.19 22.38
20.19 22.38
20.19 22.38
20.19 22.38
20.19 22.38
20.19 22.38
20.12 22.38
20.12 22.38
20.12 22.38
20.12 22.38
20.12 22.31
20.12 22.31
20.06 22.31
20.12 22.31
20.06 22.31
20.06 22.31
20.00 22.31
20.06 22.31
20.00 22.31
20.00 22.31
20.00 22.31
20.00 22.31
19.94 22.25
19.94 22.31
19.94 22.25
19.94 22.31
19.94 22.25
19.88 22.31
19.88 22.25
19.81 22.25
19.88 22.25
19.88 22.25
19.81 22.25
19.81 22.25
19.81 22.31
19.81 22.25
19.75 22.25
19.75 22.31
19.75 22.25
19.75 22.25
19.75 22.19
19.75 22.19
19.69 22.25
19.75 22.25
19.75 22.19
19.69 22.19
19.69 22.19
19.69 22.19
19.62 22.19
19.62 22.19
19.62 22.19
19.62 22.19
19.62 22.19
19.62 22.19
19.62 22.12
19.62 22.19
19.62 22.19
19.56 22.19
19.56 22.19
19.56 22.19
19.56 22.19
19.56 22.19
19.56 22.19
19.56 22.19
19.56 22.19
19.50 22.12
19.50 22.19
19.50 22.19
19.50 22.12
19.50 22.12
19.44 22.12
19.44 22.12
19.44 22.12
19.44 22.12
19.44 22.12
19.44 22.12
19.44 22.12
19.44 22.12
19.38 22.12
19.44 22.06
19.38 22.12
19.38 22.06
19.31 22.06
19.38 22.12
19.38 22.06
19.38 22.06
19.31 22.06
19.38 22.06
19.31 22.06
19.38 22.06
19.31 22.06
19.31 22.06
19.38 22.06
19.31 22.00
19.38 22.00
19.38 22.06
19.25 22.06
19.38 22.06
19.38 22.00
19.38 22.00
19.38 22.00
19.38 22.06
19.31 22.00
19.38 22.00
19.31 22.00
19.31 22.00
19.38 22.00
19.38 22.00
19.38 22.00
19.38 22.00
19.38 22.00
19.44 22.00
19.44 22.00
19.38 22.00
19.44 21.94
19.44 22.00
19.44 22.00
19.44 22.00
19.38 21.94
19.44 21.94
19.44 21.94
19.44 21.94
19.50 21.94
19.38 21.94
19.44 21.94
19.44 21.94
19.50 21.94
19.50 21.94
19.50 21.94
19.50 21.94
19.50 21.94
19.50 21.88
19.44 21.94
19.56 21.94
19.50 21.94
19.50 21.94
19.56 21.94
19.50 21.94
19.56 21.94
19.56 21.94
19.56 21.94
19.56 21.94
19.56 21.88
19.56 21.94
19.56 21.94
19.62 21.88
19.62 21.88
19.62 21.88
19.62 21.88
19.62 21.88
19.62 21.88
19.62 21.88
19.62 21.88
19.69 21.88
19.56 21.88
19.69 21.88
19.62 21.88
19.69 21.88
19.69 21.81
19.69 21.88
19.62 21.81
19.69 21.88
19.69 21.81
19.69 21.81
19.69 21.81
19.69 21.81
19.75 21.81
19.75 21.88
19.69 21.81
19.69 21.81
19.75 21.81
19.75 21.81
19.75 21.81
19.75 21.81
19.81 21.81
19.81 21.88
19.81 21.81
19.81 21.81
19.81 21.81
19.81 21.81
19.81 21.81
19.81 21.81
19.81 21.81
19.81 21.81
19.81 21.81
19.81 21.81
19.81 21.75
19.88 21.81
19.88 21.75
19.88 21.81
19.88 21.75
19.88 21.81
19.88 21.75
19.88 21.75
19.88 21.75
19.88 21.75
19.94 21.75
19.88 21.75
19.88 21.75
19.88 21.75
19.94 21.75
19.94 21.75
19.88 21.69
19.94 21.75
19.94 21.75
19.94 21.75
19.94 21.75
19.94 21.75
20.00 21.75
20.00 21.75
20.00 21.69
20.00 21.75
20.00 21.75
20.00 21.75
20.00 21.75
20.00 21.75
20.00 21.75
20.00 21.69
20.06 21.69
20.06 21.69
20.06 21.69
20.06 21.69
20.06 21.69
20.06 21.69
20.06 21.69
20.06 21.69
20.06 21.69
20.06 21.69
20.06 21.69
20.06 21.69
20.06 21.69
20.06 21.69
20.12 21.69
20.12 21.69
20.06 21.69
20.12 21.69
20.12 21.69
20.06 21.69
20.12 21.62
20.06 21.62
20.06 21.69
20.12 21.62
20.12 21.69
20.12 21.69
20.12 21.69
20.12 21.69
20.12 21.69
20.12 21.69
20.12 21.62
20.19 21.62
20.19 21.62
20.12 21.69
20.19 21.62
20.19 21.62
20.19 21.62
20.19 21.62
20.19 21.62
20.19 21.62
20.19 21.62
20.19 21.69
20.19 21.62
20.19 21.62
20.19 21.62
20.19 21.62
20.19 21.62
20.19 21.69
20.19 21.62
20.19 21.62
20.19 21.62
20.25 21.62
20.25 21.62
20.25 21.62
20.19 21.56
20.19 21.62
20.25 21.62
20.25 21.56
20.19 21.56
20.25 21.56
20.25 21.62
20.19 21.62
20.25 21.62
20.25 21.62
20.19 21.56
20.19 21.56
20.19 21.62
20.19 21.56
20.25 21.56
20.19 21.56
20.19 21.56
20.19 21.56
20.19 21.56
20.19 21.50
20.19 21.62
20.19 21.56
20.12 21.56
20.12 21.56
20.12 21.56
20.12 21.56
20.12 21.56
20.12 21.56
20.12 21.56
20.12 21.56
20.06 21.56
20.06 21.50
20.06 21.50
20.06 21.56
20.00 21.56
20.00 21.56
20.00 21.56
20.00 21.56
20.00 21.56
20.00 21.50
20.00 21.50
20.00 21.50
20.00 21.50
20.00 21.50
20.00 21.50
19.94 21.50
19.94 21.50
19.88 21.50
20.00 21.50
19.94 21.56
19.94 21.50
19.88 21.50
19.94 21.50
19.88 21.50
19.88 21.50
19.88 21.50
19.88 21.50
19.81 21.50
19.81 21.50
19.81 21.44
19.81 21.50
19.81 21.44
19.81 21.50
19.75 21.44
19.75 21.50
19.75 21.44
19.75 21.50
19.75 21.50
19.75 21.44
19.75 21.44
19.69 21.44
19.69 21.44
19.69 21.44
19.69 21.44
19.62 21.44
19.62 21.44
19.62 21.44
19.62 21.44
19.62 21.38
19.62 21.44
19.56 21.44
19.56 21.44
19.50 21.44
19.50 21.44
19.50 21.38
19.44 21.44
19.56 21.44
19.50 21.38
19.50 21.44
19.50 21.38
19.50 21.38
19.50 21.38
19.44 21.38
19.44 21.38
19.44 21.38
19.38 21.38
19.38 21.38
19.38 21.31
19.38 21.38
19.38 21.31
19.38 21.38
19.38 21.38
19.38 21.31
19.31 21.31
19.31 21.31
19.31 21.31
19.25 21.31
19.31 21.31
19.31 21.31
19.31 21.31
19.31 21.31
19.25 21.31
19.31 21.38
19.31 21.31
19.31 21.31
19.31 21.25
19.31 21.25
19.31 21.31
19.38 21.31
19.38 21.25
19.31 21.25
19.31 21.31
19.31 21.31
19.31 21.25
19.31 21.31
19.31 21.25
19.38 21.25
19.38 21.25
19.31 21.25
19.38 21.25
19.38 21.31
19.38 21.25
19.38 21.25
19.38 21.25
19.38 21.25
19.38 21.25
19.44 21.25
19.44 21.25
19.44 21.25
19.38 21.25
19.38 21.25
19.38 21.25
19.44 21.25
19.44 21.25
19.44 21.25
19.44 21.25
19.44 21.19
19.50 21.25
19.50 21.25
19.50 21.25
19.50 21.25
19.50 21.25
19.50 21.19
19.50 21.25
19.50 21.19
19.50 21.19
19.50 21.25
19.56 21.19
19.50 21.19
19.56 21.19
19.56 21.19
19.56 21.19
19.56 21.19
19.62 21.19
19.56 21.25
19.62 21.19
19.62 21.19
19.62 21.19
19.62 21.19
19.62 21.19
19.62 21.19
19.69 21.19
19.69 21.19
19.69 21.19
19.69 21.19
19.62 21.19
19.69 21.12
19.69 21.19
19.69 21.12
19.75 21.19
19.69 21.12
19.69 21.19
19.69 21.19
19.75 21.12
19.75 21.12
19.75 21.19
19.75 21.12
19.75 21.12
19.75 21.19
19.75 21.19
19.75 21.19
19.75 21.12
19.81 21.12
19.75 21.12
19.75 21.12
19.81 21.12
19.81 21.19
19.81 21.12
19.81 21.12
19.81 21.12
19.81 21.12
19.81 21.12
19.81 21.12
19.81 21.12
19.81 21.12
19.81 21.12
19.81 21.12
19.88 21.12
19.88 21.12
19.88 21.12
19.88 21.12
19.88 21.06
19.88 21.06
19.88 21.12
19.88 21.06
19.88 21.12
19.88 21.12
19.88 21.06
19.88 21.06
19.88 21.12
19.94 21.06
19.88 21.12
19.94 21.12
19.88 21.06
19.88 21.06
19.94 21.06
19.94 21.06
19.94 21.06
19.94 21.12
19.94 21.06
19.88 21.06
19.94 21.06
19.94 21.06
19.88 21.12
19.94 21.06
19.94 21.06
19.94 21.06
19.94 21.06
19.94 21.06
19.94 21.06
19.94 21.06
19.94 21.06
20.00 21.06
20.00 21.06
20.00 21.00
20.00 21.06
20.06 21.06
20.00 21.06
20.06 21.06
20.06 21.06
20.00 21.00
20.06 21.06
20.06 21.00
20.06 21.00
20.06 21.00
20.06 21.06
20.06 21.06
20.06 21.06
20.12 21.00
20.06 21.00
20.06 21.06
20.06 21.06
20.12 21.00
20.12 21.06
20.12 21.06
20.12 21.12
20.12 21.00
20.12 21.06
20.12 21.06
20.12 21.00
20.12 21.06
20.12 21.00
20.12 21.00
20.12 21.06
20.19 21.00
20.12 21.00
20.19 21.00
20.19 21.06
20.12 21.00
20.12 21.00
20.19 21.00
20.19 21.00
20.19 21.06
20.19 21.00
20.19 21.00
20.19 21.00
20.19 21.00
20.19 21.00
20.19 21.00
20.19 21.00
20.19 21.00
20.19 21.00
20.19 21.00
20.19 21.00
20.19 21.00
20.19 21.00
20.19 21.00
20.19 21.00
20.12 21.00
20.19 20.94
20.12 21.00
20.19 20.94
20.19 21.00
20.12 21.00
20.19 20.94
20.12 21.00
20.12 21.00
20.12 21.00
20.12 20.94
20.12 20.94
20.12 21.00
20.12 21.00
20.06 20.94
20.06 20.94
20.06 21.00
20.06 20.94
20.06 21.00
20.06 21.00
20.06 20.94
20.06 20.94
20.00 20.94
20.06 20.94
20.06 20.94
20.06 20.94
20.06 20.94
20.00 20.94
19.94 20.94
20.00 20.94
20.00 20.94
19.94 20.94
19.88 20.94
19.94 20.94
19.88 20.94
19.88 20.94
19.88 20.94
19.88 20.94
19.88 20.94
19.81 20.94
19.88 21.00
19.81 20.94
19.81 20.94
19.88 20.94
19.81 20.94
19.81 20.94
19.81 20.94
19.81 20.94
19.75 20.94
19.75 20.88
19.81 20.88
19.75 20.94
19.75 20.88
19.75 20.94
19.75 20.94
19.75 20.94
19.75 20.88
19.75 20.88
19.69 20.94
19.69 20.88
19.69 20.88
19.69 20.94
19.62 20.94
19.62 20.88
19.62 20.94
19.62 20.88
19.62 20.88
19.56 20.88
19.62 20.88
19.62 20.88
19.56 20.88
19.56 20.88
19.56 20.88
19.56 20.94
19.50 20.88
19.56 20.88
19.50 20.88
19.50 20.81
19.50 20.88
19.50 20.88
19.50 20.81
19.44 20.88
19.50 20.81
19.44 20.81
19.44 20.81
19.44 20.81
19.44 20.81
19.44 20.81
19.44 20.88
19.44 20.81
19.38 20.81
19.38 20.81
19.38 20.81
19.38 20.81
19.38 20.81
19.38 20.81
19.38 20.75
19.38 20.81
19.38 20.81
19.38 20.81
19.31 20.81
19.31 20.81
19.31 20.81
19.38 20.81
19.38 20.75
19.38 20.75
19.31 20.75
19.31 20.75
19.31 20.75
19.31 20.75
19.31 20.75
19.31 20.75
19.31 20.75
19.31 20.75
19.31 20.75
19.31 20.75
19.38 20.75
19.38 20.75
19.31 20.75
19.38 20.75
19.38 20.75
19.38 20.75
19.38 20.75
19.38 20.75
19.38 20.75
19.38 20.75
19.38 20.75
19.38 20.75
19.38 20.75
19.44 20.69
19.44 20.75
19.38 20.69
19.44 20.69
19.44 20.69
19.44 20.75
19.44 20.69
19.44 20.75
19.50 20.69
19.44 20.69
19.50 20.69
19.44 20.69
19.44 20.69
19.44 20.69
19.50 20.69
19.50 20.69
19.50 20.69
19.50 20.69
19.50 20.69
19.50 20.69
19.50 20.69
19.50 20.69
19.56 20.69
19.56 20.69
19.50 20.69
19.50 20.69
19.56 20.69
19.56 20.62
19.56 20.69
19.56 20.69
19.56 20.69
19.56 20.69
19.56 20.69
19.56 20.69
19.62 20.69
19.56 20.62
19.56 20.62
19.62 20.62
19.62 20.69
19.56 20.62
19.62 20.62
19.62 20.69
19.62 20.69
19.69 20.62
19.62 20.62
19.69 20.62
19.62 20.69
19.69 20.62
19.69 20.62
19.69 20.62
19.69 20.62
19.69 20.62
19.69 20.69
19.75 20.62
19.75 20.62
19.75 20.62
19.75 20.62
19.75 20.62
19.75 20.62
19.75 20.62
19.75 20.69
19.75 20.62
19.81 20.69
19.75 20.62
19.75 20.62
19.75 20.62
19.75 20.62
19.75 20.62
19.81 20.62
19.75 20.56
19.81 20.62
19.81 20.62
19.81 20.62
19.81 20.62
19.88 20.62
19.88 20.62
19.81 20.62
19.88 20.62
19.88 20.62
19.88 20.62
19.94 20.62
19.88 20.62
19.88 20.56
19.88 20.62
19.88 20.56
20.00 20.62
19.94 20.62
19.88 20.62
19.88 20.56
19.88 20.62
19.94 20.62
19.94 20.62
19.94 20.56
19.94 20.62
19.88 20.56
19.94 20.56
19.94 20.56
20.00 20.56
20.00 20.56
19.94 20.56
19.94 20.56
19.94 20.56
19.94 20.56
19.94 20.62
19.94 20.56
20.00 20.56
20.00 20.56
20.00 20.56
20.00 20.56
20.06 20.56
20.00 20.56
20.00 20.56
20.00 20.62
20.00 20.56
20.00 20.56
20.00 20.62
20.06 20.56
20.00 20.56
20.06 20.56
20.06 20.56
20.00 20.56
20.06 20.62
20.06 20.56
20.06 20.56
20.06 20.56
20.06 20.56
20.06 20.56
20.06 20.50
20.06 20.56
20.06 20.50
20.00 20.56
20.06 20.56
20.12 20.56
20.06 20.56
20.12 20.56
20.06 20.56
20.06 20.56
20.06 20.56
20.06 20.56
20.06 20.56
20.06 20.56
20.06 20.56
20.12 20.56
20.06 20.50
20.06 20.56
20.06 20.56
20.06 20.56
20.06 20.56
20.06 20.56
20.06 20.50
20.06 20.56
20.06 20.56
20.06 20.50
20.00 20.56
20.00 20.56
20.00 20.50
20.00 20.50
20.06 20.50
20.00 20.50
20.00 20.50
20.00 20.50
20.00 20.50
19.94 20.50
20.00 20.50
20.00 20.50
19.94 20.50
19.94 20.50
20.00 20.50
20.00 20.56
19.94 20.50
19.94 20.50
19.88 20.50
19.94 20.50
19.94 20.50
19.88 20.50
19.88 20.50
19.81 20.56
19.81 20.50
19.81 20.50
19.81 20.50
19.81 20.56
19.75 20.50
19.75 20.50
19.75 20.50
19.75 20.50
19.69 20.50
19.69 20.50
19.69 20.50
19.69 20.50
19.69 20.56
19.69 20.50
19.75 20.50
19.69 20.50
19.69 20.50
19.69 20.50
19.69 20.50
19.62 20.56
19.56 20.50
19.56 20.50
19.62 20.50
19.56 20.56
19.50 20.50
19.56 20.50
19.56 20.50
19.56 20.50
19.50 20.50
19.50 20.50
19.50 20.50
19.50 20.50
19.50 20.50
19.50 20.50
19.50 20.44
19.50 20.50
19.50 20.44
19.50 20.44
19.44 20.44
19.38 20.50
19.44 20.44
19.38 20.44
19.44 20.44
19.38 20.44
19.38 20.50
19.38 20.44
19.38 20.44
19.31 20.44
19.38 20.50
19.31 20.44
19.38 20.44
19.31 20.44
19.31 20.44
19.31 20.44
19.31 20.44
19.31 20.44
19.31 20.44
19.31 20.44
19.31 20.44
19.38 20.44
19.31 20.38
19.31 20.44
19.31 20.38
19.31 20.38
19.31 20.38
19.31 20.38
19.31 20.44
19.25 20.44
19.31 20.38
19.31 20.38
19.31 20.44
19.31 20.38
19.31 20.38
19.31 20.38
19.38 20.44
19.31 20.38
19.31 20.38
19.31 20.38
19.31 20.38
19.38 20.38
19.38 20.44
19.38 20.38
19.38 20.38
19.38 20.38
19.38 20.38
19.38 20.38
19.38 20.38
19.38 20.38
19.38 20.38
19.44 20.38
19.38 20.38
19.44 20.38
19.44 20.38
19.44 20.38
19.44 20.38
19.44 20.31
19.44 20.38
19.44 20.38
19.44 20.38
19.44 20.38
19.44 20.38
19.50 20.38
19.44 20.38
19.50 20.38
19.50 20.38
19.50 20.38
19.50 20.31
19.50 20.31
19.50 20.31
19.50 20.38
19.50 20.38
19.50 20.31
19.56 20.31
19.50 20.31
19.56 20.31
19.56 20.38
19.56 20.31
19.56 20.31
19.62 20.31
19.62 20.31
19.62 20.31
19.62 20.31
19.62 20.38
19.62 20.31
19.62 20.31
19.62 20.31
19.62 20.31
19.69 20.31
19.62 20.31
19.69 20.31
19.69 20.31
19.69 20.31
19.69 20.31
19.69 20.25
19.69 20.31
19.69 20.31
19.69 20.31
19.69 20.31
19.69 20.31
19.75 20.31
19.75 20.31
19.75 20.31
19.75 20.31
19.69 20.25
19.69 20.25
19.75 20.31
19.75 20.25
19.75 20.31
19.75 20.31
19.75 20.31
19.75 20.31
19.75 20.31
19.75 20.31
19.75 20.31
19.75 20.31
19.75 20.31
19.75 20.25
19.75 20.31
19.81 20.31
19.81 20.25
19.81 20.25
19.81 20.25
19.81 20.25
19.81 20.31
19.81 20.25
19.81 20.31
19.81 20.25
19.81 20.25
19.81 20.25
19.81 20.25
19.81 20.25
19.88 20.25
19.88 20.25
19.88 20.31
19.88 20.25
19.88 20.25
19.88 20.31
19.88 20.31
19.88 20.25
19.88 20.25
19.94 20.25
19.94 20.25
19.94 20.25
19.94 20.25
19.94 20.25
19.94 20.25
19.94 20.25
19.94 20.25
19.94 20.25
19.94 20.25
19.94 20.25
19.94 20.31
19.94 20.25
19.94 20.25
19.94 20.31
19.94 20.25
19.94 20.25
20.00 20.31
20.00 20.25
20.00 20.25
19.94 20.25
20.00 20.25
20.00 20.25
19.94 20.25
20.00 20.25
20.00 20.25
20.00 20.19
20.00 20.25
20.00 20.25
20.00 20.25
20.00 20.25
20.06 20.25
20.06 20.19
20.06 20.25
20.06 20.25
20.06 20.25
20.06 20.25
20.06 20.25
20.06 20.25
20.06 20.25
20.06 20.25
20.06 20.31
20.06 20.25
20.06 20.25
20.06 20.25
20.06 20.25
20.06 20.25
20.06 20.25
20.06 20.25
20.06 20.25
20.06 20.19
20.00 20.19
20.06 20.25
20.06 20.19
20.06 20.25
20.06 20.19
20.00 20.25
20.06 20.25
20.06 20.19
20.06 20.19
20.06 20.19
20.00 20.19
20.00 20.25
20.00 20.25
20.00 20.19
20.00 20.19
20.00 20.25
20.00 20.25
20.00 20.19
20.00 20.25
20.00 20.19
20.00 20.19
20.00 20.25
19.94 20.19
19.94 20.25
20.00 20.19
19.94 20.19
19.94 20.19
19.94 20.19
19.94 20.19
19.94 20.19
19.94 20.19
19.88 20.19
19.88 20.19
19.94 20.19
19.88 20.19
19.88 20.19
19.81 20.19
19.88 20.19
19.81 20.19
19.88 20.19
19.81 20.19
19.81 20.19
19.81 20.19
19.75 20.19
19.81 20.19
19.75 20.19
19.75 20.19
19.75 20.19
19.75 20.19
19.75 20.19
19.75 20.19
19.75 20.19
19.69 20.19
19.69 20.19
19.69 20.19
19.69 20.19
19.69 20.19
19.69 20.19
19.69 20.19
19.69 20.19
19.69 20.19
19.62 20.19
19.62 20.19
19.62 20.19
19.62 20.19
19.62 20.19
19.62 20.19
19.62 20.19
19.62 20.19
19.62 20.12
19.62 20.19
19.62 20.12
19.56 20.19
19.56 20.19
19.56 20.12
19.56 20.12
19.56 20.19
19.56 20.12
19.50 20.19
19.50 20.19
19.50 20.12
19.50 20.12
19.50 20.12
19.50 20.19
19.50 20.19
19.50 20.19
19.44 20.19
19.50 20.19
19.50 20.19
19.50 20.12
19.44 20.19
19.44 20.12
19.44 20.12
19.44 20.12
19.44 20.12
19.44 20.12
19.44 20.12
19.44 20.12
19.38 20.12
19.44 20.12
19.38 20.19
19.38 20.12
19.38 20.12
19.38 20.12
19.38 20.12
19.38 20.12
19.38 20.12
19.38 20.12
19.38 20.12
19.31 20.12
19.38 20.12
19.38 20.12
19.38 20.12
19.38 20.12
19.38 20.12
19.38 20.12
19.38 20.12
19.38 20.12
19.38 20.12
19.44 20.12
19.44 20.12
19.38 20.06
19.44 20.12
19.44 20.12
19.44 20.12
19.44 20.12
19.44 20.06
19.44 20.12
19.44 20.06
19.44 20.06
19.44 20.06
19.44 20.06
19.50 20.06
19.50 20.06
19.50 20.06
19.50 20.06
19.44 20.06
19.44 20.06
19.50 20.06
19.50 20.06
19.50 20.06
19.50 20.06
19.50 20.06
19.50 20.06
19.56 20.06
19.56 20.06
19.56 20.06
19.56 20.06
19.56 20.06
19.56 20.06
19.56 20.06
19.62 20.06
19.56 20.00
19.56 20.06
19.62 20.00
19.62 20.06
19.62 20.06
19.62 20.06
19.62 20.06
19.62 20.06
19.62 20.06
19.62 20.00
19.62 20.06
19.62 20.00
19.62 20.00
19.62 20.00
19.62 20.06
19.69 20.06
19.69 20.06
19.62 20.00
19.69 20.00
19.69 20.00
19.75 20.00
19.75 20.06
19.69 20.06
19.62 20.00
19.69 20.00
19.75 20.00
19.69 20.00
19.69 20.00
19.69 20.06
19.69 20.00
19.69 20.06
19.69 20.00
19.75 20.00
19.75 20.00
19.75 20.06
19.75 20.06
19.81 20.00
19.75 20.00
19.75 20.00
19.81 20.00
19.81 20.06
19.81 20.06
19.81 20.06
19.81 20.00
19.81 20.00
19.81 20.06
19.81 20.00
19.81 20.00
19.81 20.00
19.88 20.00
19.81 20.00
19.81 20.00
19.88 20.00
19.81 20.00
19.88 20.00
19.88 20.00
19.88 20.06
19.88 20.00
19.88 20.00
19.94 20.00
19.88 20.00
19.88 20.00
19.88 20.06
19.88 20.00
19.94 20.00
19.94 20.00
19.88 20.00
19.94 20.00
19.94 20.00
19.94 20.00
20.00 20.00
19.94 20.00
19.94 20.00
19.94 20.00
19.94 19.94
19.94 19.94
20.00 20.00
19.94 19.94
20.00 20.00
20.00 20.00
19.94 20.00
20.00 20.00
20.00 20.00
20.06 20.00
20.06 19.94
20.00 20.00
20.00 20.00
20.00 20.00
20.00 20.00
20.00 20.00
20.00 20.00
20.00 20.00
20.00 20.00
20.00 20.00
20.00 20.00
20.00 20.00
20.00 20.00
19.94 20.00
19.94 20.00
19.94 20.00
20.00 20.00
20.00 20.00
20.00 20.00
20.00 20.00
19.94 20.00
19.94 20.00
19.94 20.00
19.94 19.94
19.94 20.00
19.94 19.94
19.94 19.94
19.94 20.00
19.94 20.00
19.88 20.00
19.88 19.94
19.88 20.00
19.94 20.00
19.88 19.94
19.88 19.94
19.88 20.00
19.88 20.00
19.88 20.00
19.81 20.00
19.81 20.00
19.81 20.00
19.88 20.00
19.81 20.00
19.81 19.94
19.81 20.00
19.81 20.00
19.81 19.94
19.81 19.94
19.75 19.94
19.81 19.94
19.75 19.94
19.75 19.94
19.81 19.94
19.75 20.00
19.75 20.00
19.69 20.00
19.75 19.94
19.69 20.00
19.69 20.00
19.69 19.94
19.62 19.94
19.69 19.94
19.69 19.94
19.62 19.94
19.69 19.94
19.62 19.94
19.62 19.94
19.62 19.94
19.62 19.94
19.62 19.94
19.62 19.94
19.62 19.94
19.62 19.94
19.62 20.00
19.62 19.94
19.56 19.94
19.56 19.94
19.56 19.94
19.56 19.94
19.56 19.94
19.56 19.94
19.50 19.94
19.50 19.94
19.50 19.94
19.50 19.94
19.50 19.94
19.50 19.94
19.50 19.94
19.50 19.88
19.44 19.94
19.50 19.94
19.50 19.94
19.44 19.94
19.44 19.94
19.44 19.88
19.44 19.94
19.44 19.94
19.44 19.94
19.44 19.94
19.44 19.94
19.44 19.88
19.44 19.94
19.44 19.94
19.44 19.94
19.44 19.94
19.44 19.88
19.38 19.88
19.38 19.88
19.38 19.88
19.38 19.94
19.38 19.88
19.38 19.88
19.38 19.94
19.38 19.88
19.38 19.94
19.38 19.88
19.38 19.88
19.38 19.88
19.38 19.88
19.44 19.88
19.38 19.88
19.38 19.88
19.38 19.88
19.38 19.88
19.44 19.88
19.44 19.88
19.44 19.88
19.38 19.88
19.38 19.88
19.44 19.88
19.44 19.88
19.38 19.88
19.44 19.88
19.44 19.88
19.44 19.94
19.44 19.88
19.50 19.88
19.50 19.88
19.44 19.88
19.44 19.88
19.50 19.88
19.50 19.88
19.44 19.88
19.50 19.88
19.50 19.88
19.50 19.88
19.50 19.88
19.50 19.88
19.50 19.88
19.50 19.88
19.50 19.81
19.56 19.88
19.50 19.88
19.56 19.88
19.56 19.88
19.56 19.88
19.56 19.88
19.56 19.81
19.56 19.88
19.56 19.88
19.56 19.88
19.56 19.88
19.62 19.88
19.56 19.88
19.62 19.81
19.62 19.81
19.62 19.81
19.69 19.81
19.62 19.88
19.62 19.88
19.62 19.81
19.69 19.88
19.69 19.81
19.69 19.81
19.69 19.81
19.69 19.81
19.75 19.88
19.69 19.88
19.81 19.81
19.75 19.81
19.75 19.88
19.75 19.88
19.75 19.81
19.75 19.88
19.75 19.88
19.81 19.88
19.75 19.88
19.81 19.88
19.75 19.88
19.75 19.88
19.81 19.88
19.81 19.88
19.81 19.88
19.88 19.88
19.88 19.81
19.88 19.81
19.88 19.81
19.88 19.81
19.88 19.81
19.88 19.88
19.88 19.81
19.88 19.81
19.88 19.81
19.88 19.88
19.88 19.81
19.88 19.81
19.94 19.88
19.94 19.81
19.94 19.81
19.88 19.81
19.94 19.81
19.94 19.81
19.94 19.81
19.94 19.81
19.94 19.81
19.94 19.81
19.94 19.81
19.94 19.81
19.94 19.81
20.00 19.81
20.00 19.81
20.00 19.81
20.00 19.81
20.00 19.81
20.00 19.81
20.00 19.81
20.00 19.81
20.00 19.81
20.06 19.81
20.06 19.81
20.00 19.81
20.06 19.81
20.06 19.88
20.00 19.81
20.00 19.81
20.06 19.81
20.06 19.81
20.06 19.81
20.06 19.81
20.06 19.81
20.06 19.81
20.06 19.81
20.06 19.81
20.06 19.81
20.06 19.81
20.12 19.81
20.06 19.81
20.06 19.81
20.12 19.81
20.12 19.81
20.06 19.81
20.12 19.81
20.06 19.81
20.06 19.75
20.12 19.81
20.06 19.81
20.12 19.88
20.06 19.81
20.12 19.81
20.06 19.81
20.06 19.81
20.06 19.81
20.00 19.81
20.06 19.81
20.00 19.81
20.06 19.81
20.06 19.75
20.00 19.75
20.00 19.75
20.06 19.81
20.00 19.75
20.00 19.81
20.00 19.75
20.00 19.81
20.00 19.75
20.00 19.75
20.00 19.81
19.94 19.75
19.94 19.75
20.00 19.75
19.94 19.75
19.94 19.75
19.94 19.75
19.94 19.75
19.94 19.75
19.94 19.75
19.88 19.75
19.94 19.81
19.88 19.81
19.88 19.75
19.88 19.81
19.88 19.81
19.88 19.75
19.81 19.75
19.81 19.75
19.81 19.81
19.88 19.81
19.81 19.75
19.81 19.75
19.81 19.81
19.81 19.75
19.81 19.75
19.75 19.81
19.81 19.75
19.75 19.75
19.75 19.75
19.75 19.75
19.75 19.75
19.75 19.75
19.75 19.75
19.75 19.75
19.75 19.75
19.69 19.75
19.75 19.75
19.69 19.75
19.75 19.75
19.69 19.75
19.69 19.75
19.69 19.75
19.62 19.75
19.69 19.75
19.62 19.75
19.62 19.75
19.62 19.75
19.62 19.75
19.62 19.75
19.56 19.75
19.62 19.75
19.62 19.75
19.56 19.75
19.56 19.75
19.56 19.75
19.56 19.75
19.56 19.75
19.56 19.75
19.56 19.75
19.56 19.75
19.50 19.75
19.50 19.75
19.50 19.75
19.50 19.75
19.50 19.75
19.50 19.75
19.44 19.75
19.44 19.75
19.50 19.69
19.44 19.75
19.44 19.75
19.50 19.69
19.44 19.75
19.44 19.75
19.44 19.69
19.44 19.75
19.44 19.69
19.38 19.69
19.44 19.69
19.38 19.69
19.38 19.75
19.44 19.69
19.44 19.69
19.44 19.69
19.44 19.75
19.44 19.69
19.38 19.69
19.44 19.69
19.44 19.69
19.44 19.75
19.44 19.69
19.44 19.69
19.44 19.69
19.44 19.75
19.44 19.69
19.44 19.69
19.50 19.69
19.50 19.69
19.50 19.69
19.50 19.69
19.44 19.69
19.44 19.69
19.44 19.69
19.50 19.69
19.50 19.69
19.50 19.69
19.50 19.69
19.50 19.69
19.50 19.69
19.50 19.75
19.50 19.69
19.50 19.75
19.50 19.75
19.50 19.69
19.56 19.69
19.50 19.69
19.56 19.69
19.56 19.69
19.56 19.69
19.56 19.69
19.56 19.69
19.56 19.69
19.56 19.69
19.56 19.62
19.62 19.69
19.56 19.69
19.56 19.69
19.62 19.69
19.62 19.69
19.62 19.69
19.62 19.69
19.62 19.69
19.62 19.62
19.62 19.62
19.62 19.69
19.62 19.69
19.62 19.69
19.62 19.69
19.62 19.62
19.62 19.69
19.69 19.62
19.69 19.69
19.62 19.69
19.69 19.69
19.62 19.69
19.69 19.69
19.69 19.75
19.69 19.69
19.69 19.69
19.69 19.69
19.69 19.69
19.69 19.69
19.75 19.69
19.75 19.69
19.75 19.69
19.75 19.69
19.75 19.69
19.75 19.69
19.75 19.69
19.75 19.62
19.75 19.69
19.75 19.69
19.81 19.69
19.75 19.69
19.81 19.62
19.81 19.62
19.81 19.62
19.81 19.69
19.81 19.62
19.81 19.62
19.81 19.69
19.81 19.69
19.88 19.69
19.88 19.69
19.88 19.62
19.88 19.69
19.88 19.62
19.94 19.69
19.88 19.62
19.88 19.69
19.94 19.69
19.94 19.62
19.94 19.62
20.00 19.69
19.94 19.69
19.94 19.69
19.94 19.69
19.94 19.62
19.94 19.62
19.94 19.62
19.94 19.62
20.00 19.62
20.00 19.62
20.00 19.69
20.00 19.69
20.00 19.62
20.00 19.62
20.06 19.62
20.06 19.62
20.06 19.62
20.06 19.69
20.00 19.62
20.06 19.62
20.00 19.62
20.06 19.62
20.06 19.62
20.06 19.62
20.00 19.62
20.06 19.62
20.00 19.62
20.00 19.69
20.06 19.69
20.00 19.62
20.00 19.62
20.00 19.62
20.00 19.62
20.00 19.62
20.00 19.62
20.00 19.62
20.00 19.62
20.00 19.62
20.00 19.62
19.94 19.62
19.94 19.62
20.00 19.62
19.94 19.69
19.94 19.69
19.94 19.62
19.94 19.62
19.88 19.62
19.94 19.62
19.88 19.62
19.88 19.62
19.94 19.62
19.88 19.69
19.88 19.62
19.88 19.62
19.88 19.62
19.88 19.62
19.81 19.62
19.88 19.62
19.88 19.62
19.88 19.62
19.81 19.62
19.88 19.62
19.81 19.62
19.81 19.62
19.81 19.62
19.81 19.56
19.81 19.56
19.75 19.56
19.75 19.62
19.81 19.62
19.81 19.62
19.75 19.62
19.75 19.62
19.75 19.62
19.75 19.62
19.75 19.62
19.75 19.62
19.75 19.62
19.69 19.69
19.69 19.62
19.69 19.62
19.62 19.62
19.69 19.62
19.69 19.62
19.62 19.62
19.56 19.62
19.62 19.62
19.62 19.56
19.62 19.62
19.62 19.56
19.62 19.62
19.62 19.62
19.56 19.62
19.56 19.56
19.56 19.56
19.56 19.56
19.56 19.62
19.56 19.62
19.56 19.62
19.56 19.62
19.50 19.56
19.56 19.62
19.50 19.56
19.50 19.62
19.50 19.56
19.44 19.56
19.50 19.62
19.50 19.56
19.50 19.62
19.50 19.62
19.50 19.62
19.44 19.56
19.44 19.56
19.44 19.56
19.44 19.56
19.44 19.56
19.44 19.56
19.38 19.56
19.38 19.56
19.38 19.56
19.38 19.56
19.38 19.56
19.38 19.56
19.38 19.56
19.44 19.56
19.38 19.56
19.38 19.56
19.38 19.56
19.38 19.56
19.38 19.56
19.31 19.56
19.38 19.56
19.38 19.56
19.38 19.56
19.31 19.56
19.38 19.56
19.38 19.56
19.38 19.56
19.38 19.56
19.38 19.56
19.38 19.56
19.38 19.56
19.38 19.56
19.38 19.56
19.38 19.56
19.38 19.56
19.38 19.56
19.38 19.56
19.38 19.56
19.38 19.56
19.44 19.56
19.38 19.56
19.38 19.56
19.38 19.56
19.38 19.56
19.44 19.56
19.44 19.56
19.44 19.56
19.44 19.56
19.44 19.56
19.44 19.56
19.50 19.56
19.50 19.56
19.50 19.56
19.50 19.56
19.50 19.56
19.50 19.56
19.44 19.56
19.50 19.56
19.50 19.56
19.44 19.56
19.56 19.56
19.50 19.56
19.50 19.56
19.50 19.56
19.56 19.56
19.50 19.56
19.56 19.56
19.50 19.56
19.56 19.50
19.56 19.50
19.56 19.56
19.56 19.50
19.62 19.56
19.62 19.50
19.56 19.50
19.62 19.56
19.62 19.56
19.62 19.56
19.62 19.50
19.62 19.56
19.62 19.50
19.62 19.50
19.62 19.50
19.62 19.50
19.56 19.56
19.62 19.50
19.62 19.50
19.62 19.50
19.62 19.50
19.62 19.50
19.69 19.50
19.62 19.50
19.62 19.50
19.69 19.50
19.69 19.50
19.69 19.56
19.69 19.50
19.75 19.50
19.69 19.50
19.75 19.50
19.75 19.50
19.75 19.50
19.75 19.50
19.81 19.50
19.75 19.50
19.81 19.50
19.75 19.50
19.75 19.50
19.81 19.50
19.75 19.50
19.75 19.56
19.81 19.50
19.81 19.56
19.81 19.50
19.81 19.56
19.81 19.50
19.81 19.50
19.81 19.50
19.88 19.56
19.81 19.56
19.81 19.56
19.88 19.50
19.88 19.56
19.81 19.50
19.88 19.50
19.88 19.56
19.94 19.50
19.88 19.50
19.94 19.50
19.88 19.50
19.88 19.56
19.88 19.56
19.94 19.50
19.94 19.50
19.94 19.56
19.94 19.56
19.94 19.50
19.94 19.50
19.94 19.50
20.00 19.50
20.00 19.50
19.94 19.50
20.00 19.50
20.00 19.50
20.00 19.56
20.00 19.50
20.00 19.50
20.00 19.50
20.00 19.50
20.00 19.56
20.00 19.56
20.00 19.50
20.00 19.56
20.00 19.50
20.00 19.50
20.00 19.56
19.94 19.56
20.00 19.50
20.00 19.50
19.94 19.56
20.00 19.50
19.94 19.50
19.94 19.50
19.88 19.50
19.94 19.50
19.94 19.56
19.94 19.50
19.88 19.50
19.94 19.50
19.88 19.50
19.88 19.56
19.88 19.56
19.88 19.50
19.88 19.50
19.88 19.50
19.88 19.50
19.81 19.50
19.88 19.50
19.88 19.50
19.88 19.50
19.81 19.50
19.81 19.50
19.88 19.50
19.81 19.50
19.81 19.50
19.81 19.50
19.81 19.50
19.81 19.50
19.81 19.50
19.81 19.50
19.75 19.50
19.75 19.50
19.75 19.50
19.75 19.50
19.75 19.50
19.75 19.50
19.75 19.50
19.69 19.50
19.75 19.50
19.69 19.50
19.69 19.44
19.69 19.50
19.69 19.50
19.69 19.44
19.69 19.50
19.69 19.50
19.62 19.50
19.69 19.50
19.69 19.50
19.62 19.50
19.62 19.50
19.62 19.50
19.62 19.50
19.62 19.50
19.62 19.44
19.62 19.44
19.62 19.50
19.62 19.50
19.56 19.50
19.56 19.44
19.56 19.50
19.50 19.50
19.56 19.50
19.56 19.44
19.50 19.44
19.50 19.50
19.50 19.50
19.50 19.50
19.56 19.44
19.50 19.44
19.50 19.44
19.50 19.44
19.50 19.44
19.50 19.44
19.50 19.44
19.50 19.44
19.50 19.44
19.44 19.50
19.50 19.44
19.44 19.50
19.44 19.50
19.44 19.50
19.44 19.50
19.44 19.50
19.44 19.50
19.44 19.44
19.44 19.50
19.44 19.44
19.44 19.44
19.44 19.50
19.44 19.50
19.38 19.50
19.38 19.44
19.38 19.44
19.38 19.44
19.38 19.44
19.38 19.50
19.38 19.44
19.38 19.50
19.38 19.44
19.38 19.44
19.38 19.50
19.38 19.50
19.38 19.44
19.31 19.44
19.38 19.44
19.38 19.50
19.38 19.44
19.38 19.44
19.38 19.44
19.38 19.44
19.38 19.50
19.38 19.50
19.44 19.50
19.38 19.44
19.38 19.50
19.44 19.44
19.44 19.44
19.44 19.44
19.44 19.50
19.44 19.44
19.44 19.44
19.44 19.44
19.44 19.44
19.44 19.44
19.50 19.44
19.50 19.44
19.50 19.44
19.44 19.50
19.50 19.44
19.50 19.44
19.50 19.44
19.56 19.44
19.56 19.44
19.56 19.44
19.56 19.44
19.56 19.44
19.56 19.44
19.56 19.50
19.50 19.44
19.56 19.44
19.56 19.44
19.56 19.44
19.56 19.44
19.56 19.50
19.56 19.44
19.56 19.44
19.62 19.44
19.62 19.44
19.62 19.44
19.62 19.44
19.62 19.44
19.62 19.44
19.62 19.38
19.62 19.38
19.62 19.38
19.69 19.44
19.62 19.44
19.69 19.38
19.62 19.44
19.69 19.44
19.62 19.44
19.69 19.44
19.69 19.38
19.69 19.44
19.69 19.44
19.69 19.38
19.69 19.44
19.69 19.38
19.69 19.44
19.75 19.38
19.69 19.44
19.75 19.44
19.75 19.38
19.75 19.44
19.75 19.44
19.75 19.44
19.75 19.44
19.75 19.38
19.81 19.44
19.75 19.44
19.75 19.38
19.75 19.44
19.75 19.44
19.81 19.44
19.81 19.38
19.81 19.38
19.81 19.38
19.81 19.44
19.81 19.44
19.81 19.44
19.81 19.44
19.81 19.44
19.81 19.44
19.88 19.44
19.88 19.44
19.81 19.38
19.88 19.44
19.88 19.44
19.88 19.38
19.88 19.38
19.88 19.38
19.94 19.44
19.94 19.38
19.88 19.38
19.94 19.38
19.94 19.44
19.94 19.38
19.94 19.38
20.00 19.38
19.94 19.38
19.94 19.38
20.00 19.38
19.94 19.38
19.94 19.38
19.94 19.44
20.00 19.38
19.94 19.38
19.94 19.38
19.94 19.38
19.94 19.38
19.94 19.38
19.94 19.38
19.94 19.38
19.94 19.38
19.94 19.38
19.94 19.38
19.94 19.38
19.88 19.38
19.88 19.44
19.94 19.44
19.88 19.38
19.88 19.38
19.88 19.38
19.88 19.44
19.81 19.38
19.88 19.44
19.88 19.44
19.88 19.38
19.88 19.38
19.81 19.44
19.81 19.38
19.81 19.38
19.81 19.38
19.81 19.38
19.81 19.38
19.81 19.38
19.81 19.38
19.81 19.38
19.81 19.38
19.81 19.38
19.75 19.38
19.75 19.38
19.75 19.44
19.75 19.38
19.69 19.38
19.69 19.44
19.69 19.38
19.69 19.38
19.69 19.38
19.69 19.38
19.69 19.38
19.62 19.38
19.62 19.38
19.69 19.38
19.62 19.38
19.62 19.38
19.62 19.38
19.62 19.38
19.62 19.38
19.62 19.44
19.62 19.38
19.62 19.38
19.56 19.38
19.62 19.38
19.56 19.44
19.56 19.38
19.56 19.38
19.56 19.38
19.56 19.38
19.50 19.38
19.56 19.38
19.56 19.38
19.50 19.38
19.50 19.38
19.50 19.38
19.50 19.38
19.50 19.31
19.44 19.38
19.44 19.38
19.50 19.38
19.50 19.38
19.50 19.38
19.50 19.38
19.44 19.31
19.44 19.38
19.44 19.38
19.44 19.38
19.44 19.38
19.44 19.38
19.44 19.38
19.44 19.38
19.38 19.38
19.38 19.38
19.38 19.38
19.38 19.38
19.44 19.38
19.44 19.38
19.44 19.38
19.44 19.38
19.44 19.38
19.38 19.31
19.44 19.31
19.38 19.38
19.38 19.38
19.38 19.31
19.38 19.31
19.38 19.38
19.31 19.31
19.31 19.38
19.31 19.38
19.38 19.31
19.31 19.38
19.31 19.31
19.31 19.38
19.31 19.38
19.38 19.31
19.25 19.31
19.38 19.31
19.31 19.31
19.38 19.31
19.31 19.38
19.38 19.31
19.31 19.31
19.31 19.31
19.31 19.38
19.31 19.31
19.31 19.38
19.38 19.38
19.38 19.31
19.38 19.31
19.38 19.31
19.38 19.31
19.38 19.31
19.38 19.31
19.38 19.31
19.44 19.38
19.38 19.31
19.38 19.31
19.44 19.38
19.44 19.31
19.44 19.31
19.44 19.31
19.44 19.31
19.44 19.31
19.50 19.31
19.44 19.31
19.44 19.31
19.44 19.31
19.50 19.31
19.50 19.38
19.44 19.31
19.50 19.31
19.50 19.31
19.50 19.31
19.50 19.31
19.50 19.31
19.56 19.31
19.50 19.31
19.56 19.31
19.50 19.31
19.56 19.31
19.62 19.31
19.56 19.31
19.62 19.38
19.62 19.38
19.62 19.31
19.62 19.31
19.62 19.31
19.62 19.31
19.62 19.38
19.62 19.31
19.62 19.31
19.62 19.31
19.69 19.31
19.69 19.38
19.69 19.31
19.69 19.31
19.69 19.31
19.69 19.31
19.75 19.31
19.75 19.31
19.75 19.31
19.75 19.31
19.75 19.31
19.75 19.31
19.75 19.31
19.75 19.31
19.75 19.31
19.75 19.31
19.75 19.31
19.75 19.31
19.75 19.31
19.81 19.31
19.75 19.31
19.81 19.31
19.75 19.31
19.81 19.31
19.81 19.31
19.81 19.38
19.81 19.31
19.81 19.31
19.81 19.31
19.88 19.25
19.88 19.31
19.88 19.31
19.88 19.31
19.81 19.31
19.88 19.31
19.94 19.31
19.94 19.31
19.88 19.38
19.88 19.31
19.94 19.31
19.94 19.31
19.94 19.31
19.94 19.31
19.94 19.31
19.94 19.31
19.94 19.31
19.94 19.31
19.94 19.31
19.94 19.31
19.94 19.31
19.94 19.31
19.94 19.31
19.94 19.31
19.94 19.31
19.88 19.31
19.88 19.31
19.88 19.31
19.88 19.31
19.88 19.31
19.88 19.31
19.94 19.31
19.88 19.31
19.94 19.31
19.88 19.31
19.88 19.31
19.88 19.31
19.88 19.31
19.88 19.31
19.88 19.31
19.88 19.31
19.81 19.31
19.88 19.31
19.81 19.31
19.81 19.31
19.81 19.31
19.81 19.31
19.81 19.31
19.81 19.31
19.81 19.25
19.81 19.31
19.81 19.25
19.81 19.25
19.75 19.25
19.75 19.31
19.75 19.25
19.75 19.25
19.75 19.31
19.75 19.25
19.75 19.31
19.75 19.38
19.69 19.31
19.75 19.31
19.69 19.31
19.69 19.25
19.69 19.31
19.69 19.31
19.69 19.31
19.69 19.31
19.62 19.31
19.69 19.31
19.62 19.31
19.69 19.31
19.62 19.31
19.69 19.31
19.69 19.31
19.62 19.31
19.62 19.31
19.62 19.25
19.62 19.31
19.62 19.25
19.56 19.31
19.56 19.31
19.56 19.31
19.56 19.25
19.56 19.25
19.56 19.25
19.56 19.25
19.56 19.38
19.56 19.31
19.50 19.25
19.50 19.25
19.56 19.31
19.50 19.31
19.50 19.31
19.50 19.31
19.50 19.31
19.50 19.31
19.50 19.31
19.44 19.25
19.44 19.31
19.44 19.25
19.44 19.31
19.44 19.31
19.44 19.25
19.38 19.25
19.44 19.25
19.38 19.25
19.38 19.31
19.44 19.25
19.44 19.25
19.38 19.25
19.38 19.25
19.38 19.25
19.38 19.25
19.38 19.31
19.31 19.25
19.38 19.25
19.38 19.25
19.38 19.25
19.31 19.25
19.38 19.25
19.31 19.25
19.31 19.25
19.31 19.31
19.31 19.25
19.31 19.31
19.38 19.25
19.31 19.25
19.38 19.25
19.31 19.25
19.38 19.25
19.31 19.25
19.31 19.19
19.31 19.25
19.38 19.25
19.31 19.25
19.31 19.25
19.31 19.25
19.31 19.25
19.31 19.25
19.31 19.25
19.38 19.25
19.38 19.19
19.38 19.25
19.38 19.25
19.38 19.25
19.44 19.25
19.44 19.25
19.38 19.25
19.44 19.25
19.44 19.25
19.44 19.25
19.44 19.25
19.44 19.25
19.44 19.19
19.44 19.25
19.44 19.25
19.50 19.19
19.44 19.25
19.50 19.25
19.50 19.19
19.50 19.25
19.56 19.25
19.50 19.19
19.50 19.19
19.50 19.19
19.50 19.25
19.50 19.25
19.56 19.25
19.56 19.25
19.56 19.25
19.56 19.25
19.50 19.25
19.50 19.25
19.56 19.25
19.56 19.25
19.56 19.25
19.56 19.25
19.56 19.25
19.56 19.25
19.56 19.25
19.56 19.25
19.62 19.25
19.62 19.25
19.62 19.25
19.56 19.25
19.56 19.19
19.56 19.25
19.56 19.25
19.62 19.25
19.62 19.25
19.62 19.25
19.62 19.19
19.62 19.25
19.62 19.25
19.69 19.25
19.69 19.25
19.69 19.25
19.75 19.25
19.69 19.25
19.75 19.25
19.75 19.25
19.75 19.19
19.75 19.19
19.75 19.25
19.75 19.25
19.81 19.25
19.75 19.25
19.75 19.25
19.75 19.25
19.75 19.25
19.75 19.25
19.81 19.19
19.81 19.25
19.81 19.25
19.81 19.25
19.81 19.25
19.81 19.25
19.81 19.25
19.81 19.25
19.81 19.25
19.81 19.19
19.88 19.25
19.88 19.25
19.88 19.25
19.81 19.25
19.88 19.25
19.88 19.25
19.88 19.25
19.88 19.25
19.88 19.25
19.88 19.25
19.88 19.25
19.88 19.25
19.88 19.25
19.94 19.25
19.94 19.25
19.94 19.25
19.94 19.25
19.94 19.25
19.94 19.19
19.94 19.19
19.94 19.25
19.94 19.25
19.94 19.19
19.94 19.25
19.94 19.19
19.94 19.25
20.00 19.19
20.00 19.25
20.00 19.25
19.94 19.25
19.94 19.19
19.94 19.25
19.94 19.25
19.94 19.25
19.94 19.25
19.94 19.25
19.94 19.31
19.94 19.25
19.94 19.25
19.94 19.25
19.94 19.19
19.94 19.19
19.88 19.25
19.88 19.25
19.88 19.25
19.88 19.19
19.88 19.25
19.88 19.25
19.81 19.19
19.88 19.25
19.88 19.25
19.88 19.25
19.81 19.25
19.81 19.25
19.81 19.25
19.81 19.25
19.81 19.25
19.81 19.19
19.81 19.25
19.81 19.19
19.75 19.25
19.81 19.25
19.75 19.25
19.75 19.19
19.75 19.25
19.75 19.19
19.75 19.25
19.75 19.25
19.75 19.25
19.75 19.19
19.75 19.19
19.75 19.19
19.69 19.25
19.69 19.19
19.69 19.25
19.75 19.19
19.69 19.19
19.69 19.19
19.69 19.19
19.69 19.19
19.62 19.19
19.62 19.19
19.62 19.25
19.62 19.25
19.62 19.19
19.62 19.25
19.62 19.19
19.56 19.25
19.62 19.25
19.62 19.19
19.56 19.25
19.56 19.25
19.56 19.25
19.56 19.25
19.56 19.19
19.56 19.25
19.50 19.19
19.50 19.25
19.50 19.19
19.56 19.25
19.50 19.25
19.50 19.19
19.56 19.25
19.50 19.19
19.50 19.19
19.50 19.25
19.50 19.25
19.50 19.19
19.44 19.19
19.44 19.19
19.44 19.25
19.44 19.19
19.44 19.19
19.44 19.19
19.38 19.19
19.44 19.25
19.38 19.25
19.38 19.25
19.38 19.19
19.38 19.19
19.31 19.25
19.38 19.25
19.38 19.19
19.38 19.19
19.31 19.19
19.31 19.19
19.31 19.19
19.31 19.19
19.38 19.19
19.38 19.19
19.31 19.19
19.31 19.19
19.38 19.19
19.38 19.19
19.31 19.25
19.38 19.19
19.31 19.19
19.31 19.19
19.38 19.19
19.38 19.19
19.31 19.19
19.31 19.25
19.38 19.25
19.38 19.19
19.38 19.19
19.38 19.19
19.38 19.19
19.38 19.19
19.44 19.19
19.38 19.19
19.38 19.19
19.38 19.19
19.44 19.19
19.38 19.19
19.44 19.19
19.44 19.19
19.44 19.19
19.44 19.19
19.44 19.19
19.44 19.19
19.44 19.19
19.44 19.19
19.44 19.19
19.44 19.19
19.44 19.19
19.44 19.19
19.44 19.19
19.50 19.19
19.50 19.19
19.50 19.19
19.50 19.19
19.50 19.19
19.50 19.19
19.50 19.19
19.50 19.19
19.50 19.25
19.56 19.19
19.56 19.19
19.56 19.19
19.56 19.19
19.56 19.19
19.56 19.19
19.56 19.19
19.56 19.19
19.56 19.19
19.56 19.19
19.56 19.19
19.62 19.19
19.56 19.19
19.56 19.19
19.62 19.19
19.62 19.19
19.62 19.25
19.62 19.19
19.62 19.19
19.69 19.19
19.62 19.19
19.62 19.19
19.62 19.25
19.62 19.19
19.69 19.19
19.69 19.25
19.69 19.19
19.69 19.19
19.62 19.19
19.69 19.19
19.69 19.25
19.69 19.19
19.69 19.19
19.69 19.25
19.69 19.19
19.75 19.19
19.75 19.19
19.75 19.19
19.75 19.19
19.81 19.19
19.81 19.19
19.81 19.19
19.81 19.19
19.81 19.19
19.88 19.25
19.88 19.12
19.88 19.12
19.88 19.19
19.88 19.19
19.81 19.19
19.88 19.19
19.88 19.19
19.88 19.19
19.94 19.12
19.94 19.19
19.94 19.19
19.94 19.12
19.94 19.19
19.94 19.19
19.88 19.12
19.94 19.19
19.94 19.19
19.94 19.19
19.94 19.19
19.88 19.19
19.88 19.19
19.88 19.19
19.94 19.19
19.88 19.19
19.88 19.19
19.88 19.19
19.88 19.19
19.88 19.19
19.88 19.19
19.88 19.25
19.88 19.19
19.88 19.19
19.81 19.19
19.81 19.25
19.81 19.19
19.88 19.19
19.81 19.19
19.81 19.19
19.81 19.19
19.81 19.19
19.81 19.19
19.81 19.19
19.81 19.19
19.81 19.19
19.75 19.19
19.81 19.19
19.75 19.19
19.75 19.19
19.69 19.19
19.75 19.19
19.75 19.19
19.75 19.19
19.75 19.19
19.69 19.19
19.69 19.19
19.69 19.19
19.62 19.12
19.69 19.19
19.69 19.19
19.69 19.19
19.62 19.19
19.69 19.19
19.69 19.19
19.62 19.19
19.62 19.19
19.62 19.19
19.62 19.19
19.62 19.19
19.62 19.19
19.62 19.19
19.56 19.19
19.56 19.19
19.56 19.19
19.56 19.19
19.56 19.19
19.56 19.19
19.56 19.19
19.56 19.19
19.56 19.19
19.50 19.19
19.50 19.19
19.56 19.19
19.50 19.12
19.50 19.19
19.50 19.19
19.50 19.12
19.44 19.12
19.50 19.19
19.44 19.19
19.50 19.12
19.44 19.19
19.44 19.19
19.44 19.19
19.44 19.19
19.44 19.19
19.38 19.19
19.38 19.19
19.44 19.12
19.38 19.12
19.38 19.12
19.38 19.19
19.38 19.19
19.38 19.19
19.38 19.12
19.38 19.19
19.31 19.19
19.31 19.19
19.38 19.12
19.31 19.12
19.31 19.19
19.31 19.19
19.31 19.19
19.31 19.12
19.31 19.12
19.31 19.19
19.31 19.12
19.31 19.19
19.31 19.12
19.31 19.19
19.31 19.19
19.31 19.12
19.31 19.12
19.31 19.12
19.31 19.12
19.31 19.12
19.31 19.19
19.31 19.12
19.38 19.19
19.31 19.12
19.38 19.19
19.38 19.12
19.38 19.19
19.38 19.19
19.31 19.12
19.38 19.12
19.38 19.12
19.38 19.12
19.38 19.12
19.38 19.12
19.38 19.12
19.38 19.12
19.38 19.12
19.38 19.12
19.44 19.12
19.44 19.12
19.44 19.19
19.44 19.12
19.44 19.12
19.44 19.12
19.44 19.19
19.44 19.12
19.44 19.12
19.44 19.12
19.50 19.12
19.44 19.12
19.50 19.12
19.50 19.06
19.50 19.12
19.50 19.12
19.50 19.12
19.50 19.19
19.50 19.12
19.50 19.12
19.50 19.12
19.50 19.12
19.50 19.12
19.56 19.12
19.50 19.12
19.56 19.12
19.56 19.12
19.56 19.12
19.62 19.12
19.62 19.12
19.62 19.12
19.56 19.12
19.62 19.12
19.62 19.12
19.62 19.12
19.62 19.12
19.62 19.12
19.62 19.12
19.69 19.12
19.69 19.12
19.69 19.12
19.69 19.12
19.69 19.19
19.69 19.12
19.75 19.12
19.75 19.12
19.75 19.12
19.75 19.12
19.75 19.12
19.81 19.12
19.81 19.12
19.75 19.12
19.81 19.12
19.75 19.12
19.81 19.12
19.75 19.12
19.75 19.12
19.81 19.12
19.75 19.06
19.81 19.12
19.81 19.12
19.81 19.12
19.81 19.12
19.81 19.12
19.81 19.12
19.81 19.12
19.88 19.12
19.81 19.12
19.81 19.12
19.81 19.12
19.81 19.12
19.88 19.12
19.88 19.12
19.88 19.12
19.81 19.12
19.88 19.12
19.81 19.12
19.88 19.06
19.88 19.06
19.88 19.12
19.88 19.12
19.88 19.12
19.88 19.12
19.88 19.12
19.88 19.12
19.88 19.12
19.94 19.12
19.88 19.12
19.94 19.12
19.88 19.12
19.94 19.12
19.94 19.12
19.94 19.12
19.94 19.12
19.94 19.12
19.94 19.12
19.94 19.12
20.00 19.12
19.94 19.12
19.94 19.12
19.94 19.06
19.94 19.12
19.94 19.12
19.94 19.12
19.94 19.12
19.94 19.12
19.94 19.12
19.94 19.12
19.94 19.12
19.94 19.12
19.88 19.12
19.88 19.12
19.88 19.12
19.88 19.12
19.88 19.12
19.88 19.12
19.88 19.12
19.88 19.12
19.88 19.12
19.88 19.12
19.88 19.12
19.88 19.12
19.81 19.12
19.81 19.12
19.88 19.12
19.81 19.12
19.88 19.12
19.81 19.12
19.81 19.12
19.81 19.12
19.81 19.12
19.81 19.12
19.81 19.12
19.75 19.12
19.81 19.12
19.81 19.12
19.81 19.06
19.75 19.12
19.75 19.12
19.75 19.12
19.75 19.12
19.75 19.12
19.75 19.12
19.75 19.12
19.75 19.12
19.69 19.12
19.69 19.12
19.75 19.06
19.69 19.12
19.62 19.12
19.69 19.06
19.69 19.06
19.69 19.06
19.62 19.12
19.62 19.12
19.69 19.12
19.62 19.12
19.69 19.12
19.62 19.12
19.62 19.12
19.56 19.12
19.56 19.06
19.62 19.06
19.62 19.06
19.62 19.12
19.56 19.12
19.56 19.12
19.56 19.06
19.56 19.12
19.56 19.12
19.56 19.12
19.56 19.06
19.56 19.12
19.56 19.12
19.56 19.06
19.50 19.12
19.50 19.12
19.50 19.12
19.50 19.12
19.50 19.12
19.50 19.12
19.50 19.12
19.50 19.12
19.50 19.12
19.50 19.06
19.50 19.12
19.44 19.06
19.44 19.12
19.44 19.12
19.44 19.06
19.44 19.12
19.44 19.06
19.44 19.12
19.38 19.06
19.44 19.06
19.38 19.06
19.38 19.12
19.38 19.12
19.38 19.06
19.38 19.06
19.38 19.12
19.31 19.12
19.31 19.06
19.31 19.12
19.31 19.12
19.31 19.06
19.25 19.06
19.31 19.06
19.31 19.06
19.38 19.06
19.38 19.12
19.31 19.12
19.31 19.12
19.31 19.12
19.31 19.12
19.31 19.12
19.31 19.06
19.31 19.06
19.31 19.06
19.31 19.06
19.31 19.06
19.38 19.06
19.31 19.06
19.38 19.06
19.38 19.12
19.38 19.06
19.38 19.06
19.38 19.06
19.38 19.06
19.38 19.06
19.38 19.06
19.38 19.00
19.38 19.06
19.38 19.12
19.38 19.12
19.38 19.06
19.44 19.06
19.44 19.06
19.38 19.06
19.38 19.06
19.44 19.06
19.44 19.06
19.44 19.06
19.50 19.06
19.50 19.06
19.50 19.12
19.44 19.06
19.50 19.06
19.50 19.06
19.50 19.06
19.50 19.06
19.50 19.06
19.50 19.06
19.56 19.12
19.56 19.06
19.56 19.06
19.56 19.06
19.56 19.06
19.56 19.12
19.56 19.06
19.56 19.06
19.56 19.06
19.62 19.06
19.62 19.12
19.62 19.06
19.62 19.06
19.62 19.06
19.62 19.06
19.62 19.06
19.62 19.06
19.62 19.06
19.62 19.06
19.62 19.06
19.62 19.06
19.62 19.06
19.69 19.06
19.69 19.06
19.69 19.06
19.69 19.06
19.75 19.06
19.69 19.06
19.75 19.06
19.69 19.06
19.75 19.06
19.75 19.12
19.75 19.06
19.75 19.06
19.81 19.06
19.75 19.06
19.81 19.12
19.81 19.06
19.81 19.06
19.81 19.06
19.81 19.06
19.88 19.06
19.94 19.06
19.88 19.06
19.88 19.06
19.94 19.12
19.88 19.12
19.94 19.06
19.94 19.06
19.94 19.06
19.94 19.06
19.94 19.06
19.94 19.06
19.94 19.06
19.94 19.06
19.94 19.00
19.94 19.06
19.94 19.06
19.94 19.06
20.00 19.06
19.94 19.06
20.00 19.06
19.94 19.06
19.94 19.06
19.94 19.06
19.94 19.06
19.94 19.06
19.94 19.06
19.94 19.06
19.94 19.06
19.94 19.06
19.88 19.06
19.94 19.00
19.88 19.06
19.88 19.06
19.88 19.06
19.94 19.06
19.88 19.06
19.88 19.06
19.88 19.00
19.88 19.06
19.88 19.06
19.88 19.06
19.81 19.06
19.81 19.06
19.81 19.06
19.81 19.06
19.81 19.06
19.81 19.06
19.81 19.06
19.81 19.06
19.75 19.06
19.75 19.06
19.75 19.06
19.75 19.06
19.75 19.06
19.69 19.06
19.75 19.06
19.75 19.06
19.69 19.12
19.69 19.06
19.69 19.06
19.69 19.00
19.69 19.06
19.69 19.06
19.62 19.06
19.62 19.06
19.62 19.06
19.56 19.06
19.56 19.06
19.62 19.06
19.56 19.06
19.56 19.06
19.56 19.06
19.56 19.06
19.56 19.06
19.56 19.06
19.56 19.06
19.50 19.06
19.50 19.06
19.50 19.06
19.50 19.06
19.50 19.06
19.50 19.06
19.44 19.06
19.44 19.06
19.44 19.00
19.44 19.06
19.44 19.00
19.44 19.06
19.44 19.06
19.44 19.06
19.44 19.06
19.44 19.06
19.44 19.06
19.38 19.06
19.38 19.06
19.38 19.00
19.44 19.06
19.38 19.06
19.31 19.06
19.31 19.06
19.31 19.06
19.31 19.06
19.38 19.00
19.31 19.06
19.31 19.06
19.25 19.06
19.31 19.06
19.25 19.00
19.25 19.00
19.25 19.06
19.25 19.06
19.25 19.00
19.25 19.00
19.25 19.00
19.25 19.06
19.25 19.06
19.19 19.00
19.19 19.00
19.19 19.06
19.19 19.06
19.19 19.06
19.19 19.06
19.19 19.00
19.19 19.06
19.12 19.06
19.12 19.06
19.12 19.06
19.19 19.06
19.19 19.06
19.12 19.06
19.19 19.06
19.12 19.00
19.12 19.00
19.12 19.00
19.12 19.06
19.12 19.00
19.19 19.00
19.19 19.00
19.19 19.00
19.19 19.06
19.19 19.00
19.19 19.00
19.19 19.00
19.12 19.06
19.19 19.00
19.19 19.06
19.25 19.00
19.19 19.00
19.19 19.00
19.25 19.06
19.19 19.06
19.25 19.00
19.25 19.00
19.25 19.00
19.25 19.00
19.25 19.06
19.31 19.06
19.31 19.06
19.25 19.00
19.31 19.00
19.31 19.00
19.31 19.00
19.31 19.00
19.31 19.00
19.38 19.06
19.38 19.00
19.31 19.00
19.31 19.00
19.38 19.00
19.38 19.00
19.38 19.00
19.38 19.00
19.38 19.00
19.38 19.06
19.38 19.00
19.44 19.06
19.44 19.06
19.44 19.06
19.44 19.00
19.50 19.06
19.44 19.00
19.50 19.00
19.44 19.00
19.50 19.00
19.50 19.00
19.50 19.00
19.50 19.00
19.50 19.00
19.50 19.00
19.50 19.00
19.56 19.00
19.56 19.00
19.56 19.00
19.56 19.00
19.62 19.00
19.56 19.00
19.56 19.00
19.56 19.00
19.56 19.00
19.56 19.00
19.56 19.06
19.56 19.00
19.62 19.00
19.62 19.00
19.62 19.00
19.62 19.06
19.69 19.00
19.62 19.00
19.69 19.00
19.62 19.00
19.62 19.00
19.62 19.00
19.69 19.00
19.69 19.00
19.69 19.00
19.62 19.00
19.69 19.00
19.69 19.00
19.69 19.00
19.69 19.00
19.69 19.00
19.69 19.00
19.75 19.00
19.75 19.00
19.81 19.00
19.75 19.00
19.75 19.00
19.81 19.00
19.81 19.00
19.81 19.00
19.88 19.00
19.81 19.00
19.81 19.00
19.88 19.06
19.88 19.00
19.88 19.00
19.88 19.00
19.88 19.06
19.88 19.00
19.88 19.00
19.94 19.06
19.88 19.00
19.88 19.00
19.88 19.00
19.88 19.00
19.81 19.00
19.88 19.00
19.88 19.00
19.81 19.00
19.88 19.00
19.81 19.00
19.81 19.00
19.88 19.00
19.81 19.00
19.88 19.00
19.81 19.00
19.81 19.00
19.88 19.00
19.81 19.00
19.88 19.00
19.81 19.00
19.81 19.00
End sensor reading at 2020-08-20 20:10:12.925022
